100 1.9989013671875
200 11.001110076904297
300 21.99721336364746
400 32.98759460449219
500 48.99263381958008
600 70.01042366027832
700 113.99078369140625
800 154.00099754333496
900 170.01748085021973
1000 198.01044464111328
2000 758.0356597900391
3000 1723.9995002746582
4000 3103.001832962036
5000 5241.001129150391
6000 7243.009090423584
7000 10042.012214660645
8000 13163.639068603516
9000 16823.460578918457
10000 19995.037317276
20000 83466.2537574768
30000 186797.54614830017
40000 328874.6008872986
50000 511659.5206260681
60000 729336.7948532104
70000 948573.5657215118
80000 1234527.1019935608
90000 1595954.4541835785
100000 1929729.1662693024