100 0.0
200 0.9987354278564453
300 0.9844303131103516
400 1.9838809967041016
500 0.0
600 0.9949207305908203
700 2.0051002502441406
800 3.008127212524414
900 1.9993782043457031
1000 4.00090217590332
2000 2.996683120727539
3000 6.004571914672852
4000 7.004499435424805
5000 9.999275207519531
6000 9.989023208618164
7000 12.986421585083008
8000 15.002727508544922
9000 15.987634658813477
10000 18.99409294128418
20000 46.999454498291016
30000 55.98187446594238
40000 80.99913597106934
50000 93.01447868347168
60000 113.00444602966309
70000 145.9980010986328
80000 165.00282287597656
90000 173.9940643310547
100000 202.00037956237793