100 0.9958744049072266
200 4.9896240234375
300 8.999109268188477
400 14.998435974121094
500 27.0082950592041
600 33.99801254272461
700 45.99905014038086
800 62.004804611206055
900 77.01635360717773
1000 95.99947929382324
2000 369.0071105957031
3000 832.9892158508301
4000 1547.9986667633057
5000 2444.011449813843
6000 3461.9946479797363
7000 4652.987957000732
8000 6172.010660171509
9000 7876.99556350708
10000 9675.011157989502
20000 38626.00255012512
30000 85875.00143051147
40000 149428.9996623993
50000 233462.00132369995
60000 336402.99677848816
70000 474013.1719112396
80000 609099.493265152
90000 753275.0008106232
100000 1031471.0488319397
