256
277
510
424
552
481
308
392
445
576
346
372
451
547
259
538
540
394
127
67
319
60
205
305
210
284
589
242
415
191
271
194
483
400
542
369
497
316
50
537
492
423
266
161
525
136
40
575
71
187
214
597
554
453
500
370
591
280
223
63
373
286
7
313
364
262
104
202
70
120
335
472
79
287
8
396
148
215
455
230
209
283
143
188
527
232
409
282
317
549
33
264
34
482
399
446
201
74
476
358
565
224
428
414
464
590
184
456
529
526
93
248
515
581
254
225
169
192
123
473
101
18
36
159
383
54
168
44
77
397
52
279
332
115
113
290
100
344
318
16
95
570
458
572
579
522
138
382
21
517
56
348
465
479
490
5
258
368
233
132
212
533
13
544
167
327
66
512
503
471
419
59
213
390
246
391
245
354
588
501
401
216
128
381
410
25
563
156
468
0
333
57
485
484
347
31
255
265
19
165
360
83
129
72
312
278
411
281
438
27
551
28
193
524
62
528
235
430
32
477
385
306
236
598
75
300
65
580
441
88
367
239
257
328
304
571
498
10
541
557
505
106
195
585
45
426
352
421
146
442
548
111
218
584
539
520
249
443
301
491
94
294
288
6
178
429
51
114
176
507
365
326
183
299
506
447
302
564
582
486
384
406
371
314
26
177
261
189
307
137
76
73
30
243
444
247
595
157
568
142
92
267
9
461
363
3
103
433
508
509
110
434
68
495
182
339
91
341
377
403
532
17
353
488
55
303
163
125
460
190
1
153
135
432
196
521
116
84
226
343
147
323
511
574
293
469
337
260
220
577
238
112
378
131
380
393
38
180
599
108
586
4
145
121
86
102
42
558
578
199
596
530
356
359
109
322
298
29
152
158
413
155
566
569
250
425
186
470
122
546
244
43
379
170
417
98
221
119
160
516
144
436
150
141
531
523
22
240
560
573
457
273
357
386
366
133
345
130
376
374
336
350
179
493
272
459
478
118
474
355
325
587
427
37
439
234
48
449
480
64
11
53
208
315
362
23
140
12
489
462
361
448
330
310
80
297
450
320
435
173
545
87
559
422
561
151
553
206
594
536
263
164
97
467
407
431
200
175
14
275
600
418
463
504
69
389
166
231
237
252
349
351
253
227
181
543
171
197
222
285
289
567
562
47
338
454
229
309
402
90
412
494
96
593
105
342
331
375
340
416
535
334
268
203
134
39
437
499
395
2
251
185
475
99
46
398
292
174
61
269
270
276
387
81
555
139
404
58
534
219
15
550
514
405
198
228
388
452
296
592
89
519
154
311
207
85
149
41
241
329
487
321
291
24
274
172
126
117
78
408
420
295
502
211
466
82
583
518
204
324
513
124
35
49
20
162
556
107
440
217