131
220
59
125
322
365
148
226
328
133
73
259
325
215
32
378
341
253
327
260
395
82
194
95
196
276
6
236
8
284
202
38
64
245
132
298
53
58
370
178
52
103
3
262
174
192
79
312
255
400
107
246
157
203
150
345
384
161
118
46
171
162
227
90
361
210
212
289
119
208
71
137
313
381
274
330
218
244
283
258
296
318
393
27
282
179
353
383
182
207
173
154
206
81
303
84
124
266
7
23
138
359
10
19
62
338
399
277
98
275
301
128
186
306
183
388
30
37
67
362
302
105
29
316
235
106
371
343
241
135
17
68
374
94
292
127
54
126
197
80
39
317
256
187
386
96
66
314
229
360
265
165
334
354
193
250
16
167
291
225
337
26
242
363
156
251
329
367
92
28
189
4
112
230
269
97
15
198
185
122
115
216
252
33
324
151
382
307
70
109
152
140
176
357
184
221
339
397
142
396
268
224
104
129
375
309
233
211
263
57
287
356
213
180
0
248
191
333
168
147
392
380
102
321
199
123
1
31
21
368
310
285
232
139
391
160
300
340
342
69
45
286
278
13
175
51
323
348
201
264
335
315
305
279
214
155
2
61
78
65
77
204
358
130
247
170
117
144
86
169
319
14
223
332
344
41
74
55
366
355
304
49
372
308
143
136
116
5
190
134
228
63
394
50
25
76
200
35
20
114
163
295
110
270
11
398
243
9
272
87
209
320
177
239
141
159
172
72
40
56
93
349
351
89
331
99
219
181
237
12
369
377
43
240
205
293
48
294
34
281
373
42
18
149
352
22
36
100
336
347
249
47
85
121
217
364
145
326
113
153
88
83
188
111
346
379
75
166
297
385
60
387
91
280
267
108
44
231
299
350
376
101
389
311
390
222
271
257
146
120
164
158
254
288
261
234
290
24
273
238