890
156
831
672
151
522
806
669
143
402
578
107
253
756
341
369
703
443
344
474
513
476
274
36
765
785
157
597
55
741
641
874
389
65
754
596
216
487
682
691
486
72
315
296
129
19
847
515
855
821
25
607
288
186
708
281
131
872
239
70
237
611
93
324
414
631
431
843
229
896
441
772
894
863
561
453
256
321
38
805
598
776
39
353
499
884
21
269
343
688
348
188
222
891
311
889
547
293
510
846
480
0
68
17
8
496
767
20
667
479
488
319
465
811
163
757
378
613
721
661
505
4
244
628
168
380
238
627
818
879
658
492
297
115
308
700
860
233
787
789
569
417
713
837
481
655
464
678
102
595
802
355
251
323
139
271
456
210
735
48
773
313
783
625
241
405
475
231
99
407
272
366
173
739
750
727
146
469
618
365
637
473
82
509
861
449
305
564
827
523
541
45
565
877
856
364
853
245
663
60
394
87
807
262
654
150
379
489
563
148
264
870
59
411
100
893
16
517
771
105
574
643
346
766
801
62
551
200
571
554
268
275
520
46
769
709
555
677
207
467
752
6
438
283
775
162
415
620
854
277
361
531
850
32
617
428
576
851
849
780
26
354
357
165
690
871
731
566
614
664
743
535
782
84
786
845
577
393
317
133
717
828
286
457
603
181
44
760
418
610
351
822
470
430
413
832
679
626
485
454
427
648
408
387
360
376
734
273
451
13
550
897
367
580
439
545
630
108
533
433
532
171
514
206
591
742
183
137
604
490
770
468
685
73
3
701
455
398
511
887
291
27
738
309
660
687
392
440
371
529
312
448
224
873
432
336
153
425
715
372
267
159
583
260
462
97
63
450
585
824
616
446
586
516
158
190
844
575
834
662
349
294
377
201
724
762
243
300
404
841
314
702
362
166
155
257
695
830
645
524
135
881
744
104
899
43
330
859
722
110
665
318
77
459
629
621
234
732
839
784
23
335
452
98
85
83
652
635
147
401
381
69
333
733
400
276
728
447
132
794
552
326
49
40
76
820
895
508
347
737
892
375
228
345
500
778
299
587
194
793
666
494
568
67
670
154
424
249
390
278
199
395
548
838
5
437
829
540
230
61
301
605
383
416
235
359
124
426
681
42
263
736
227
12
791
282
436
483
686
683
180
11
657
698
512
89
57
833
172
176
220
636
718
612
149
24
693
352
602
644
287
112
236
619
71
284
726
445
223
225
800
463
729
192
410
836
94
646
134
692
161
719
306
796
117
316
725
674
484
119
29
797
755
530
88
226
179
337
242
289
302
601
409
751
270
461
716
80
588
213
31
189
650
10
528
542
116
608
472
14
589
697
792
689
75
358
178
30
817
675
187
248
18
519
819
639
95
1
746
160
559
502
788
209
572
570
53
477
303
214
707
28
777
136
221
240
622
90
888
712
609
255
684
562
327
144
218
310
795
840
495
546
325
434
329
285
211
338
705
340
34
212
118
813
140
886
320
307
632
518
128
536
391
197
781
35
280
493
584
815
758
869
730
711
835
763
593
92
740
865
125
799
526
633
96
471
295
196
458
525
599
491
842
814
195
122
41
615
867
145
809
81
816
86
279
768
557
723
883
356
56
808
866
653
174
790
142
215
878
651
419
876
710
7
656
858
126
385
898
193
638
649
823
184
885
114
58
537
204
22
868
111
748
127
435
673
558
396
109
696
634
745
130
373
501
825
581
600
848
66
101
254
761
804
503
350
582
121
421
258
175
704
15
219
423
290
753
466
368
504
857
779
386
64
167
50
208
54
900
205
123
592
247
103
51
334
292
579
182
747
252
429
497
37
164
74
388
191
642
706
78
232
33
384
534
106
798
169
442
694
9
498
304
560
412
328
538
676
623
606
507
399
647
47
671
478
322
862
714
198
506
406
882
339
460
594
120
668
774
590
152
382
403
543
170
553
539
482
640
79
422
370
177
266
2
812
397
875
527
573
203
720
749
521
265
185
556
880
141
659
864
138
113
810
342
803
52
298
261
549
363
420
544
852
624
332
91
202
217
374
826
759
444
250
699
259
764
246
680
567