4312
1665
1028
9635
7068
2679
3286
7692
8894
5043
3960
6225
9934
973
5898
9129
1505
6795
720
4279
2608
5178
1360
6502
6331
8623
6936
4802
9537
7579
6311
3664
7080
2822
1632
1744
2746
7406
5269
5659
5783
7978
554
5450
727
5697
8782
310
160
275
3923
8435
9199
7943
8834
4597
7470
4543
6422
420
2734
1873
7772
8334
8469
6829
2570
3353
4287
6438
1321
1618
7894
9116
5554
6766
948
7935
5772
1760
4788
3572
1933
2066
8452
4339
3646
3060
9860
4230
2320
1756
5817
4170
7648
6806
6835
4545
5004
3140
6112
3384
7844
4584
6565
1751
8023
3225
2900
5000
7942
6018
2686
7033
5376
5115
4090
7116
9557
3514
6032
3495
8840
8141
1562
9
5795
2299
6884
5315
9306
5850
2990
8340
3194
7638
746
6967
8953
1612
4449
5731
1164
2818
5565
6442
9549
2600
125
8087
7334
8223
1966
6198
8742
9788
9385
3014
23
3807
2124
6408
5028
4162
225
2731
5969
7920
79
1060
8650
5423
7924
6994
6189
9553
7755
7001
9571
9993
5461
6901
6339
1365
5126
2014
7523
6256
774
8890
7176
5175
4566
3394
2298
1662
6855
8594
9063
7400
8286
7373
8700
6081
9166
1057
2860
6585
627
4534
4635
5703
899
5959
7407
8826
9128
2026
5006
5811
1223
3941
1191
1324
1700
3529
6405
3931
8443
9826
4593
4893
4547
74
8361
8609
3080
2292
6823
819
2962
1483
9043
9485
1448
309
7567
4626
174
2476
6558
6553
2888
203
8333
5192
2726
634
9488
4326
2943
9885
3426
9765
5322
8928
7889
2908
6375
3424
8617
78
6682
7348
1901
5069
3312
8092
7557
4898
6054
9071
6165
5561
3652
3321
5030
6102
8167
430
4624
326
2072
4149
342
3815
5523
3065
9608
4853
5572
7389
4539
8348
4250
9032
6341
908
3764
6678
1301
6628
5649
2074
8921
7044
1285
128
4206
7779
924
3562
266
5204
1295
2362
8832
2494
5812
8342
8784
6122
5104
3230
1184
9118
1684
2414
5575
6948
5236
2484
3654
4525
6098
8734
9255
9084
8198
4318
1259
7
3883
7697
3782
2814
9622
8485
9857
1455
7169
1179
9740
5235
3833
7221
1674
7872
7292
4875
754
2375
4934
5407
1128
2266
7244
1415
9832
9725
6525
5023
4283
6024
4560
1868
7559
1574
2131
6871
1518
8580
3765
5351
4420
3116
1837
2186
8738
7776
8865
2892
3171
2047
869
1286
3912
7245
6535
5470
5089
2422
5804
241
5027
6931
1119
6906
4789
7545
1786
6205
8134
9272
6204
5558
4949
9567
5328
3415
7241
5305
612
5525
6338
5949
2479
4995
9250
2485
4808
1487
1881
7165
3146
6193
7016
7727
4009
2482
312
9773
1515
3169
6799
1476
4387
7038
7021
7296
7071
7312
5621
8213
8981
8372
4147
5587
3829
5640
8190
3325
3630
1964
9355
6652
9352
6599
6942
8538
9733
1530
4927
2140
3704
1498
6106
7036
7042
8830
5484
2526
2161
8597
9583
7898
5904
5207
4031
9808
4490
1268
1957
1829
3854
9392
7724
8857
7966
9425
2631
2773
8651
3880
346
2539
4753
1682
8468
3359
5826
9943
4574
9573
5511
359
9770
3737
1187
2406
8304
3379
2471
3395
9338
3477
7937
681
1380
8280
8557
1605
1888
2740
3542
9454
9916
4580
4801
9353
6039
2151
3339
40
4104
8785
6938
599
5866
2585
4829
8159
8608
3276
4396
9088
5146
2929
3748
4305
7598
3241
6439
6840
8868
5492
5843
910
2423
194
4005
992
351
2216
2759
4403
9186
8191
6476
2513
3685
5293
5837
1068
694
8576
760
6168
5303
6804
6306
2777
572
4441
5725
183
2443
6586
3740
5019
8977
274
4270
2351
7175
5050
5354
9292
9739
9799
9630
2028
5977
3984
4551
7625
3611
5964
9507
8192
5609
6316
240
3526
4413
3494
7688
7919
1350
6826
7008
6569
8233
4681
7970
6853
4128
3653
3872
6358
2255
5622
4823
2924
2192
805
8050
2225
6993
9844
2862
614
864
2884
9994
3301
1876
4386
6146
1770
4922
6035
132
6107
3332
4418
2556
4774
6507
1961
5479
3487
9522
1752
4236
8423
9083
4944
4247
668
1125
3962
7796
6111
3752
289
8958
2166
6957
3650
4824
5875
2635
3817
8209
2087
7159
7640
6114
5592
8922
3383
661
141
7674
5517
3026
4804
1298
4324
1740
7982
2886
8859
3474
8558
8100
3852
7454
9968
1745
4394
6634
767
6892
68
2597
8038
8549
4021
5549
6676
1938
3446
2338
9418
4098
6912
7829
2081
2499
931
8691
4689
7287
2594
9239
7178
9764
9599
1773
2983
8217
6031
9877
7731
9362
5757
4322
7643
6118
5911
3372
1328
8780
6488
6251
8659
7150
8375
5216
6742
4035
8856
6033
4588
443
4851
7286
4314
4140
2056
1701
3451
1070
6956
177
16
9089
4345
7323
683
4107
8479
1093
8886
4300
5854
7058
5736
9051
352
7611
2810
5367
1731
4129
7989
2964
4365
7441
3898
2660
5011
1987
5085
5775
4307
6240
9363
221
1232
4688
9620
9486
2528
1904
7255
4540
7031
6310
7303
1132
2461
3092
8802
5882
9313
5137
4224
6640
7781
7767
7233
9979
191
5266
2234
9326
9662
233
8862
9941
9139
5396
7207
9345
3244
2325
5890
9668
2927
4598
8011
662
5918
6153
562
7871
1777
9322
648
7501
1729
5501
9883
9867
3996
8231
2419
4970
4311
8054
8367
85
745
2991
3180
2717
4874
1591
4422
9165
940
2495
2622
5931
4563
103
1592
2916
6917
2650
9267
9909
9858
2254
3636
5633
7838
3409
8497
6608
6874
6441
5647
9818
7246
1370
1690
3718
3326
2752
5494
1249
4153
1401
2079
428
9732
1504
5029
2863
9213
5054
9335
2514
7049
7430
2432
5611
1537
9921
2577
92
7910
6824
6595
7629
9127
6986
5231
4858
2241
9847
9452
2007
4883
7249
8766
7183
911
9447
2500
2418
2207
4980
60
76
8142
3976
7191
4833
1492
9248
9176
8720
1389
1172
5667
8239
1474
7045
2303
409
2146
4389
6548
6663
4514
3168
6097
4099
1162
4778
635
3928
6532
4111
4529
4717
207
6641
1241
2128
9646
2547
2743
9055
4815
2159
6858
5759
9246
1361
1446
1215
3051
5281
4280
7659
2059
1166
8004
7186
4173
6285
5551
5364
6875
4678
61
5434
2084
1644
9466
1807
3090
5521
9568
3690
3794
7455
8284
2928
1357
8165
6521
3375
2098
7070
9664
1811
5773
7247
9955
5035
8789
1812
1892
53
2496
301
6882
5199
2887
1610
563
8875
4175
4461
2467
5901
5674
680
3894
1962
3102
7201
285
1840
6413
5469
1414
4930
2438
604
9282
4393
7572
708
3525
7197
4291
2246
6113
7467
1762
3192
4293
2758
5888
3893
7778
878
5733
2959
3053
983
9812
8776
5159
1816
4600
6985
1148
5686
1440
1109
5870
8763
5677
7368
2310
1293
2756
6249
3100
7923
9422
365
6379
8955
3942
925
8530
3095
2491
4831
705
8
3108
4557
9290
1676
2750
8382
8077
3570
1664
9689
4978
1950
917
6666
2359
2845
3382
2206
4303
9513
7553
5374
7847
1087
629
9347
6934
5777
2389
1506
936
7079
5662
9505
854
663
5464
8745
894
3303
718
9101
4793
5816
9849
6576
127
827
1219
2994
89
6610
5056
2502
9762
1543
8995
8311
3803
2017
530
440
5714
2474
8086
6860
9917
6202
9167
4251
9706
8643
8805
1948
7758
8956
3217
2316
9905
1848
2527
9952
5272
9243
5411
8027
3822
8028
2233
3760
3801
5337
5599
8506
6991
951
1340
549
5878
7550
972
1939
4856
7299
7336
3891
6464
6785
80
4923
4926
5440
7744
5839
2980
4150
9950
2417
7046
764
5930
620
7145
6378
6960
8098
7252
5999
4286
7135
260
4070
9920
9985
794
7645
1526
4106
1754
5271
9874
8168
2341
9348
4401
8262
7431
6870
3269
2609
2114
8453
402
7230
9974
9231
4037
3762
1622
5668
5375
2704
647
3686
7423
2386
4971
3563
1281
5852
5480
5537
5242
9548
7535
1539
8065
4158
6218
2021
6462
1524
8795
1891
4806
829
5926
8070
8048
3627
9168
8674
1555
138
6659
674
1167
3743
4086
7609
9564
3481
7478
6587
2696
6484
2739
5586
4426
1088
984
1193
7656
7973
6279
2244
9169
1262
8970
7350
8173
6271
4757
4338
5425
4220
1639
6455
8683
1839
5288
7720
4507
6284
8096
4716
1146
4976
6714
2391
8717
4685
3475
3846
9714
6211
3778
5716
449
8730
6701
9059
7972
4902
9800
2551
5626
7132
3373
5595
3258
8175
4453
1992
5792
3235
783
2537
387
3468
2196
2101
5814
6990
3008
4482
5247
1228
1871
8149
9913
8067
5489
9214
5290
32
9114
1749
6873
9307
3850
1896
3671
6477
477
1202
1629
6859
8058
6278
3411
6630
4443
8615
7739
6132
7685
6109
4462
9560
8010
7102
50
9892
5615
6076
69
2651
1544
8917
7850
7907
3693
7182
3318
3137
4986
6329
5873
7773
7316
2048
3165
7065
7835
5546
851
5230
4627
4869
9680
4424
8986
1452
1778
9541
8088
7664
8861
3432
4343
588
7503
6760
9297
2612
4885
8193
6243
2015
1390
8318
9801
8276
5808
991
4911
4076
8893
8498
5776
2342
1809
990
422
8486
6328
6047
6492
1329
2640
5465
4985
5646
9684
6623
5092
9225
2381
1276
9666
6177
1183
3403
4590
6465
6433
6527
4152
7695
3098
8607
5403
4886
8974
341
8215
9142
7497
1279
2993
8837
2665
4479
9712
1397
874
3831
2162
7138
9252
2583
719
7672
2306
5356
5520
4968
7584
729
3049
6636
1758
6352
2598
1402
5629
3965
1635
5012
9640
2795
6864
8603
9708
2898
504
6402
1559
9650
1356
3246
9967
370
9481
7114
5723
358
8030
2185
1910
8269
488
5152
5224
3680
6252
8560
7700
6393
7524
8133
2865
3307
5905
7060
6303
9389
48
317
672
5711
126
8464
5720
7511
9604
6145
2115
835
2649
2675
2621
6125
4822
6657
7681
4459
2707
3763
9016
6700
9898
7623
8451
820
9546
2468
9424
4606
5728
151
7103
792
2153
9413
5052
2427
6456
8271
3887
748
8241
2063
419
4301
3201
728
1763
3327
5372
6237
1196
4210
4839
8693
5952
478
9638
8408
1333
3355
6699
2200
7302
8347
2671
575
1672
4177
3722
4351
5101
6689
7200
3110
1011
262
4427
7997
4046
2664
1998
6787
4608
5604
5253
3245
356
2428
1941
5140
832
1404
7301
7326
4528
7858
8383
5541
4569
8341
1471
8063
4948
3569
2033
4787
9126
5410
712
1100
9009
1418
18
5106
5363
7025
2189
8440
2978
5124
8885
331
1738
4222
8162
2590
2276
9367
1572
8966
3292
1735
7914
2116
4
8094
4006
3871
8940
9113
5091
6087
4767
3998
4297
4471
215
2800
834
3991
8355
7676
7231
1444
2256
4383
7377
5498
583
4500
4939
9489
6355
807
571
2832
592
9234
3205
1727
5389
4328
4257
1406
2336
616
8835
1541
690
8874
7486
5331
8127
9846
3089
9020
7787
5771
3343
6722
255
2592
2135
9795
5173
9287
2395
9506
4676
3950
3915
980
651
8555
7408
41
5863
1715
9119
457
1683
417
1489
5688
8918
9809
769
7401
5073
2542
8404
2221
6416
1044
605
5094
7465
2976
5692
7742
5113
8543
4238
6443
5380
1021
7402
9584
8976
1352
6907
9375
2174
3972
6446
7990
8465
9991
7119
1736
168
6611
1000
3849
3039
4920
6978
3386
2947
9383
162
6389
824
8570
7453
8587
9357
6653
4277
3728
8867
3232
435
2544
3679
1538
2607
4906
6852
8887
4306
5122
3414
5084
7590
7949
5239
6429
7682
9839
3971
2666
7248
496
8639
5463
961
408
6221
7770
8174
2044
5189
1875
1107
9719
802
6765
4669
9358
5636
272
8672
4652
926
3795
3227
5847
906
5116
229
4565
4950
2851
3297
1186
2654
3094
4721
4699
51
3229
9256
2749
1772
4495
9238
1038
5034
4692
8872
734
1354
7896
2653
656
8419
4959
8711
6557
8059
8462
9718
2238
6807
7757
9035
3038
8873
5462
3641
507
2891
3761
559
1491
8009
8264
98
2543
3591
2250
7554
8957
5690
3631
8962
3142
8036
628
6939
8366
2683
4732
8111
2867
7703
4391
2457
7236
9154
2855
6837
3546
257
3338
6253
5326
3758
1271
5801
4012
4890
375
7864
4180
1348
9132
5438
9728
4866
5823
3340
7391
8434
6342
8287
2949
9882
6268
1110
3560
1047
2633
6850
7686
273
3715
7134
2678
6123
5214
5581
9156
9878
7903
3579
5505
5317
2300
3421
6918
9721
3302
515
1514
6612
9222
7725
2313
7417
8195
1424
3788
4648
2619
4742
7433
731
8188
7469
7808
9099
7581
7443
928
7827
6431
7996
230
6340
4784
5630
2799
500
7362
7029
8713
9372
7290
9598
9700
4127
9998
7464
5490
4400
2195
8605
7551
4909
8727
4414
452
4275
2027
3967
5628
9339
7760
3003
5213
6575
2315
259
6721
6811
4583
7521
9760
9431
5729
6554
1256
1621
6447
1613
7592
7631
1830
3700
6562
9817
9621
9103
6538
9902
3330
4726
8417
3170
8358
7986
3797
7125
5399
7798
9959
5610
7483
7619
1681
5040
2110
2410
490
7810
816
7283
4776
5353
4027
6486
4761
6093
9654
918
682
4003
9377
4962
736
3291
8437
8901
9258
3316
5015
5782
4741
7317
3554
2369
7995
5324
1127
7379
7732
3427
1999
7537
6604
178
2624
8328
3925
6970
5406
2868
5321
6976
7738
4399
4145
8323
3856
8746
9042
6264
4390
4612
5571
3209
1368
4502
9515
3520
4240
236
9359
7644
2328
1642
1579
1668
2552
5712
8114
9551
8433
1027
7807
1915
75
7424
2638
8303
3130
905
9170
9715
9517
9440
299
7153
6157
3134
393
9410
7670
7565
598
4295
7428
4613
1764
3862
9049
2392
7961
6890
3660
3212
381
5250
2723
1288
1952
4879
4409
5171
1576
3178
399
8148
276
1428
2346
9814
9821
9346
9461
2520
3744
2404
8756
185
1796
3759
9006
9229
2677
7705
6292
6006
5148
3863
3873
5507
6385
8653
8444
8396
6428
6593
2163
6757
1422
3957
6762
1403
517
8430
4844
8588
766
5670
5883
9575
4665
8931
2209
4028
2405
941
3185
7494
1533
479
9499
3703
4755
9360
5990
9460
2286
4561
4381
5860
9899
1049
4958
3284
8793
8491
622
4041
4912
1188
8777
8424
9303
4373
5292
4715
4038
2321
5344
7090
5068
3606
4065
6693
3940
3799
1497
8915
6997
1304
8697
3961
9087
2595
8265
4417
6011
3651
6100
8807
3061
9261
7751
1144
7393
6377
4025
6776
7242
7602
5311
8616
2692
1114
9110
8586
1803
5785
6074
3365
4656
4432
3270
4097
154
5485
8093
7099
5183
6332
1341
3578
8319
7313
8402
499
1532
5750
1203
9932
8222
4486
3239
9535
104
5158
498
1965
600
3538
7608
5510
503
8349
1522
609
4001
9076
9459
9886
8526
8024
6072
6753
8927
5181
3645
9632
8740
4571
2273
2781
6468
8778
7734
2167
8681
3346
9996
4792
2452
4271
6605
7936
5237
303
2472
4664
6044
2503
4542
566
3955
2455
4671
8019
368
6561
4248
9403
9251
4043
1484
9205
8487
7449
6323
9137
4735
3557
4884
2641
8624
4535
8068
7088
9569
8384
5669
2257
3573
1869
9912
771
5297
7353
4036
5584
6537
6197
1231
5232
5942
8012
3766
2961
2893
2274
6371
11
1195
6672
5516
3179
3568
8661
6373
249
1449
9212
7748
5412
8537
5570
679
9008
145
3200
2802
5017
7199
5770
4872
5853
2956
3644
6789
6774
5981
3001
9963
3413
1158
8155
2875
6272
9151
1311
6966
8356
1441
9545
9600
4963
8980
21
6008
328
8073
4022
8788
8156
6227
7627
4582
527
5258
7017
2521
8705
3510
1906
8569
7152
3681
9595
9802
462
3742
7121
2064
8219
1463
6474
2275
6613
2972
7869
6781
6513
2738
1407
6246
2435
3698
5275
8076
8020
2356
8293
2711
6078
6073
9230
1501
7546
2122
155
6940
2203
6661
3753
5973
3610
3348
1396
1971
6067
6437
9268
1069
963
997
204
3033
544
6723
7595
8666
6703
4817
2676
9736
9574
5350
3683
5144
3981
7665
3350
3932
3242
390
5902
7707
2555
9609
8563
696
192
7948
7002
5022
6879
4705
6814
6619
4113
4069
2280
3124
5123
6803
3508
5829
6732
1159
3970
3876
4167
3787
4698
1327
8938
2492
323
9982
218
5721
2819
4492
2685
5184
501
3433
4516
6600
3518
8947
6844
621
6812
1337
1325
7839
4864
6245
7743
3628
581
1362
9755
1247
3824
4235
7077
1947
3818
5057
4268
7795
1456
9192
4357
5499
9135
4223
732
884
9890
9753
7925
959
9554
3688
314
311
7840
9854
6027
7852
3341
1383
31
213
4734
2670
5416
8646
8197
9880
7868
6297
2364
5848
5182
5605
3380
1347
4284
4519
9218
1213
8091
4825
4124
8715
9928
8883
6127
4622
1479
1689
5693
4882
2065
2695
2807
206
6839
3938
6645
2251
159
3930
6290
7883
3367
4544
494
1063
9396
6897
5515
5619
7904
615
9204
5896
7205
2144
1190
1303
8169
4370
4331
6725
9735
2447
704
5249
3183
7307
165
7051
974
526
7981
4437
9614
3072
4116
6005
332
9613
4278
5715
2123
4910
2509
2285
9521
2733
147
1685
4410
890
5503
9190
10
8397
5018
9067
1040
5872
3485
1818
8254
8439
3113
3576
4660
9520
7382
3402
2039
584
5108
371
8310
1649
8129
2934
6615
42
8649
8723
3054
4296
4231
4199
263
4905
1177
9474
1885
9197
8113
7385
2805
3796
4337
872
3437
4332
1182
2645
4131
8612
3253
4273
3814
9050
7413
2920
6570
5087
4913
3959
9344
1054
1481
7109
2149
4527
8663
8056
4690
3042
1641
4101
3256
5
3364
9185
3
152
1643
179
9581
3439
3349
9772
6481
7426
5876
1206
1192
5456
640
6216
7875
9957
4586
5142
3177
3052
3374
2071
1905
5373
7719
1594
3252
1104
2235
280
2451
3216
9509
8199
3285
1660
6973
5513
3649
6743
209
9181
1704
8051
3147
7897
9277
4736
3616
2337
9444
2510
4208
3738
5643
5072
6768
4119
7803
3020
300
1367
8257
8725
8007
3323
4219
9822
4937
6568
1647
2383
5424
2464
873
8848
7768
1511
5361
2343
6592
8787
5921
8125
7549
5007
3741
2436
2145
3111
5404
9433
8664
3363
8676
761
6669
3074
8729
5982
2501
2824
1523
2067
1287
5190
8345
4494
5963
2657
1943
6667
2816
867
8870
7506
7204
8377
9462
1133
8550
7547
10000
8144
3480
5644
2545
4946
801
1566
77
3262
4630
8889
7884
7294
136
2714
6792
9709
1472
4051
3716
8354
5077
5746
837
4249
607
2475
4695
4617
7179
4468
7934
7499
4367
9262
3400
6514
8690
4465
5379
9873
6317
7123
4407
6770
5980
5542
8015
6621
1766
4415
3422
4374
3188
9585
3025
9679
5608
7209
1636
158
3126
1556
2387
5861
3978
9578
3504
425
8122
5685
1877
2127
5559
2277
5471
3840
8707
9048
2011
5098
1175
6305
7142
537
7113
4722
6710
5564
7356
4442
7225
2201
7112
9754
1705
4619
2667
3582
630
7791
3804
934
2314
3745
9711
7324
6139
550
9900
5833
7877
5824
6130
7573
4828
5064
569
7034
153
9720
2793
6737
2361
5362
4359
898
322
8309
1006
3909
7624
4349
4548
8544
9373
380
6182
3023
9702
6009
6041
1306
1118
7278
522
73
6220
2333
9416
4914
3596
4830
9117
8057
5877
5223
4572
8166
8662
6642
6458
669
2965
1227
1001
8326
9726
8504
4623
2440
9887
411
8547
8628
1916
2779
8797
2762
4411
3234
8764
6000
3085
1135
9215
9133
799
784
6384
9336
5568
9002
6744
7780
3667
2004
1116
1787
7865
4474
6822
5061
5672
3172
386
8139
8972
597
643
6842
7777
5988
8810
8951
4596
6899
7938
2042
8117
3012
2415
1767
9969
2105
7474
4011
7687
3391
4639
9109
8621
3615
3084
4779
3299
6045
4395
292
8703
5691
3017
99
448
3816
6620
1255
4276
3666
1810
9977
4562
2480
8708
652
4553
8908
8689
107
2905
4380
6346
1614
6624
6353
271
6017
2284
7438
2488
9276
8459
5997
7709
9025
5530
2722
1893
2755
5681
6289
7886
3622
6838
6655
7184
7699
8960
1267
1909
2858
9412
7218
1679
2719
546
6618
6588
6876
6213
1411
3875
7405
6750
7259
4184
8322
7933
3344
2694
2305
2548
1168
3412
4205
5277
4178
173
3441
8704
3953
3358
5233
157
4056
4476
1253
4408
5157
5545
4488
9280
3331
521
1366
4402
1382
1944
8033
9925
6847
6540
1843
5274
2894
5844
5781
1363
877
3565
539
3438
336
6183
5825
5748
3629
5910
1292
6740
382
9125
4501
2213
5259
1043
5972
6398
1667
2473
2380
7477
4880
267
8351
6291
2141
8803
6151
9107
856
2002
1977
9159
9098
9200
5487
1388
7519
6831
4166
8450
3823
5682
7035
5762
6828
2811
9254
2599
1420
5302
8380
5198
5045
4620
6738
378
1029
9317
6454
4340
7020
8263
9792
5093
3260
7482
7983
4570
9631
950
982
7615
2879
1932
8724
1535
2610
735
1547
839
8678
2309
4196
1314
3832
9468
4733
7950
4078
6170
1244
6798
473
8085
8722
7371
3018
2393
7351
6395
2766
1315
6354
3857
1599
2780
7610
6265
9491
8521
3182
2370
83
1012
9962
9596
4017
1699
2912
9953
776
6190
9029
8524
8183
5161
2329
7163
9624
673
8297
5663
9923
1248
2615
8206
2784
758
6388
2843
1997
6015
8296
7011
5486
6968
524
8853
6560
9149
7177
9105
3599
2138
8709
3075
8196
6928
9745
7653
242
9828
8454
2625
7841
5790
2798
3305
2097
7575
3310
5851
4786
6042
2283
5474
6050
8079
888
2339
6432
4686
4029
655
2022
4412
1862
2353
3381
2180
1784
7471
1602
8406
5956
4110
8902
1974
6115
9936
5764
8747
1431
1587
9189
5955
9810
4228
6059
139
7208
2702
5248
1663
5800
5749
5557
6673
7488
9368
9241
3160
3607
9266
714
8123
6692
1335
8492
8828
9911
7007
2975
2001
288
2540
1918
8083
791
2179
8999
223
6734
2289
5296
4578
665
5885
9242
3250
6173
4935
2094
5318
4201
4185
7072
3581
9077
2478
5031
9526
2183
3088
2682
4785
4187
4746
8112
9056
3727
2904
695
8791
2899
6351
9951
6308
4234
3473
4435
3539
3404
3770
1050
9796
5010
7737
4643
4846
1392
3533
5218
6423
6896
5765
7305
7636
4125
4458
7622
5392
4513
3922
2396
3099
9958
5059
4809
290
450
5986
1208
5661
8483
169
2302
5276
9787
5086
7799
254
1053
2852
4018
8300
7921
6926
4336
6769
3035
1742
7814
9976
6412
5205
6266
3128
8344
578
8261
4385
5418
2578
8371
1546
3189
2057
6315
2398
8251
2118
8604
1017
9058
1221
2104
7374
4601
8013
1549
9926
2236
8502
2844
6629
1310
9069
4842
9533
3723
743
7273
7816
2955
4425
5915
7771
6200
9752
6343
8673
9072
3112
3842
9827
4877
7508
4889
7532
6276
8471
7040
8990
5906
6889
3107
2197
9068
2372
2223
8996
7229
3677
8308
8029
8207
9856
4821
6022
5267
7387
3139
8282
1730
5886
903
1713
6361
608
9378
1065
3079
3724
8600
7684
7774
7599
2656
6943
436
2789
8026
2371
244
2751
1654
8496
2960
6155
8821
4163
8924
8509
3566
4467
4225
9011
7974
8820
5041
8466
8337
2706
2507
7279
6452
3574
2662
3756
4233
876
8641
3213
896
7529
5920
4269
8949
3454
7887
7855
459
9794
2873
3545
1737
8147
13
3839
3921
1581
8919
5211
4769
1117
3447
3661
2288
135
9501
4932
4371
5806
9682
8331
9651
9193
7927
7276
7880
1052
2248
6459
137
7601
2567
9610
8152
8204
2265
6080
7533
602
1725
9602
5924
914
9394
8335
5895
1416
4382
556
1640
5552
1064
5169
4855
576
6505
2833
9757
4108
9115
5514
3337
7309
3868
2936
2716
6348
2271
8819
2181
1212
1280
8480
1405
2861
6487
7531
8302
624
7420
8181
7260
384
1124
9455
5203
9369
400
1958
1994
8145
5821
9023
9530
3696
9842
4024
1582
666
5763
239
3809
1313
3638
9838
5071
82
2106
439
9174
7331
14
3278
4112
3063
6869
5791
3668
3789
8571
1379
9872
5543
5475
962
532
9503
1072
8978
4061
4536
1385
3280
4876
9273
9845
8108
2563
5136
8827
423
8946
118
6566
318
3492
1122
5974
3892
1853
7399
7238
1781
4480
1748
8517
4873
4841
4679
5458
4347
9538
4751
9744
9637
1120
6424
3369
9835
858
8432
2971
3600
7845
4758
3121
7626
6450
1398
3009
825
5641
6662
4862
7418
6797
5165
545
2774
6668
6800
6995
9840
1596
8350
8278
3642
5695
3705
8202
1436
8301
7963
6365
2281
9866
1289
3906
6949
2803
8032
2562
1123
8675
1607
9123
7167
2587
1218
1788
577
1496
1421
8201
4747
1852
7069
3159
1445
5794
570
9171
5947
1982
9687
1776
9514
3027
4750
606
2593
6053
269
3058
8238
3059
9253
4092
3602
551
7284
424
7235
2700
441
6037
2317
105
1330
1375
6958
768
313
2143
8513
6414
6023
6307
5287
4964
1200
3047
7958
3077
1235
2903
1783
7504
3288
1879
7118
8973
3773
6320
2504
9361
7018
8561
3806
9015
2102
8089
3214
1521
5943
5524
3483
9371
3851
258
845
955
1081
6392
7745
7452
4087
2445
9457
3393
7650
4045
6108
4085
3043
3240
9092
108
8536
5957
6313
688
1433
1908
4470
142
261
1010
6954
1625
388
7591
6399
4651
8762
4642
6546
4668
1509
4814
3784
2311
3792
7915
347
2923
4549
8320
725
415
35
1880
1467
7032
6120
1015
7583
5961
8753
2968
2456
6203
3595
2941
405
2363
1399
407
5766
3418
5705
8882
8150
3550
4463
4629
5289
4633
8061
4663
691
594
9562
1020
3037
9448
9047
9510
5310
9421
6020
1185
4272
4439
1583
8525
9973
3416
6049
1041
7133
9690
7342
9717
7811
6913
6754
5694
5265
2156
1014
6230
846
6482
2647
5722
6616
4455
9645
283
8158
9987
7701
4379
8920
6922
2782
8816
5366
8926
4931
6215
7300
4966
4054
316
3218
5835
3264
957
6877
3119
7862
7679
4718
519
9106
5909
5467
111
1703
5348
4190
6643
7564
3838
1569
1005
954
491
5222
8997
9984
4057
9075
4897
8567
1426
345
5149
1507
8214
5468
8942
2573
4144
6679
1106
5936
9285
2847
3746
2202
1002
5606
7517
6712
1575
4215
248
7390
2030
3498
2194
5220
1680
231
4637
2857
6969
5397
7195
6038
4398
5427
9257
9897
1953
2735
2589
8644
7620
8016
657
1494
7576
59
8566
90
9836
7289
5774
943
4594
2045
475
7895
7900
533
1851
1477
9723
7728
1867
6746
907
1067
4310
4768
4975
4710
9869
6330
2973
3336
1822
5908
392
2575
6199
3951
5645
3398
7274
8933
6796
2830
5867
677
9012
5454
8613
3812
6141
3964
7473
6916
4644
2477
579
1589
1934
5793
5245
5402
8728
7258
4259
7314
102
55
5799
1434
9341
5687
96
9291
2913
2093
6434
8702
3780
2933
9141
1844
4327
7628
1400
6707
9540
6483
8523
5787
6259
866
8074
752
482
5360
2788
5600
4865
2534
2217
9259
1979
1078
8985
3351
7600
6195
5118
6322
4218
8541
5482
9616
2034
9895
3505
3197
3625
1723
6453
5788
3202
4522
9228
589
933
3491
6903
6559
3097
8001
4921
6196
5388
9265
3032
7092
4299
9330
1169
2885
9366
4641
3448
7735
850
8631
2184
4004
8987
67
1728
831
8596
9153
5025
2133
4532
4451
1960
8317
1408
2077
9785
4032
1134
2632
8769
3122
3129
9825
5414
8422
3687
977
6068
5562
9879
7882
811
3534
1180
9271
1091
7797
6856
9851
3739
2775
8706
7421
790
8140
1854
2345
3585
548
5497
2112
1733
5156
3936
9641
2032
9037
134
2982
3002
2446
8770
9480
1671
7606
514
1628
7171
5724
7434
5894
2463
5831
9527
1721
8370
8510
2117
7094
7115
8428
7156
6448
251
6680
2240
2073
4989
2046
3334
1821
8839
3699
7971
3897
4908
3298
8431
4850
121
364
3488
4369
2897
6883
6763
7293
3943
750
8442
9102
3684
2051
995
5483
2880
3268
4049
685
9492
413
8652
5074
3669
5580
964
4171
5679
5308
8488
7874
6648
5917
8904
5481
2977
5488
3031
9579
8754
5153
1897
6461
8801
1769
2125
4209
1115
4055
8592
7160
9298
603
2355
649
3096
7015
9724
7647
6312
5734
5067
5081
6602
4377
9121
1630
5264
6777
418
4673
3207
9402
5435
6391
9451
5995
2136
9274
1926
6555
7059
787
4614
7232
7917
224
9591
5370
5107
9177
3825
4739
8761
1638
7189
7130
1152
8055
6809
3417
2727
7929
857
3385
7534
1353
1336
4115
4924
2279
1823
8034
1163
4174
7487
1478
6359
8606
3511
2815
2019
2164
1782
7490
9511
84
1655
9026
3465
8021
7766
2576
8413
5358
7831
4159
5008
1059
9884
8952
4047
739
9737
1988
9470
6161
3152
5578
3211
7495
1250
726
333
2344
1423
5576
1813
8505
930
4649
2243
5206
8314
4481
9691
1254
2449
1863
5665
3945
929
4521
9210
670
7730
7202
5613
590
5506
2394
6709
5217
1554
5409
9815
1214
8041
3885
5671
4416
2557
3208
8272
7702
2718
4063
6686
1105
36
6878
9954
2554
1669
3954
4819
5320
7863
4179
3458
1239
8064
9041
4727
5539
2698
9931
8376
8677
7569
3392
9039
6691
2533
2016
5139
7456
6058
1619
7491
9824
5125
9523
6407
1620
2523
2031
3837
8829
2882
427
2572
7256
8212
5044
7185
4901
6702
6319
7666
6998
4517
7026
1832
6591
9288
9456
9965
1924
7805
2952
2850
6309
9021
5994
4204
2809
30
8757
9309
2190
7375
3786
4738
1432
6830
4361
1531
7905
6457
3975
1430
8721
7429
8736
1791
8808
9426
5187
175
3274
6010
184
4546
1462
5352
4466
7228
7878
2617
1237
9409
2424
6244
7823
4182
1917
6929
5476
9625
483
8891
1903
6273
871
3997
4285
247
7788
410
7458
226
3471
5709
7111
5544
66
7560
6508
861
1595
7266
4164
5742
5978
3203
6577
5135
9143
6043
7548
9300
4515
2536
171
54
37
7603
5651
1103
4497
9576
8274
508
8106
7578
9305
3410
9695
8321
4616
2430
1525
6016
5740
4433
2684
1265
2228
4030
8929
868
5342
6872
5768
5386
2088
960
809
7694
6715
4832
2627
4079
9245
6622
8712
6235
8529
7341
8339
8685
2574
2330
798
9465
6052
6001
6299
3805
1465
1157
7580
6475
1451
2804
7472
3087
6025
2981
8518
4354
219
8583
6206
2922
531
3243
5448
8574
6534
8436
7028
295
6136
5377
4729
4155
7440
1741
2120
7516
2212
996
5616
8733
5778
4071
6260
8627
1795
1045
2997
3751
1160
1016
2630
8247
915
4360
8584
6545
815
6533
3370
4917
701
5754
5634
7380
1272
7507
2963
6367
4720
7085
3118
279
1469
5441
4333
4915
1300
5732
3272
3184
5678
5832
6400
4239
4595
1794
6357
9612
1864
3056
2765
1322
8256
4088
3456
4748
4772
6933
8655
6026
9003
8189
8637
8581
1155
5032
6764
5968
4388
3701
6536
3428
7027
5433
9779
6209
9315
2171
8696
9401
1698
4871
1153
2357
3549
4344
822
5039
9388
4603
5383
6302
109
7588
2226
6254
8971
3320
585
3901
1937
1246
6861
6639
3226
1071
4634
9619
7712
3324
6134
8552
2813
1959
8463
9458
8329
1954
4807
2434
2459
8039
1578
3519
4942
6327
7646
5625
5141
2024
2401
2420
3459
9500
4060
8153
830
7870
7825
8640
8737
1883
6084
1346
8812
9803
678
495
9558
4255
6370
7110
818
7358
8283
2748
5962
2837
568
5560
516
4138
3835
2340
971
1710
7357
8102
4625
7139
2741
1949
2466
396
4511
2642
4148
7162
6749
788
433
8772
5820
350
765
5907
5309
3721
4816
3397
7104
4392
502
8899
5707
1708
2365
6650
7632
6051
6493
2712
4929
9158
7509
7515
9010
2412
1291
6336
8457
1849
6771
639
8185
9791
4813
9179
9823
3271
4308
2268
9615
2050
5255
6818
6506
5743
4918
4592
3181
8385
5834
4706
3496
6836
6362
7577
3878
5036
4999
1224
2020
5617
7053
1586
3777
5314
9769
8982
3199
2439
3719
5509
6137
699
9001
6082
3236
3755
6817
1797
6002
3175
1066
7450
8611
5291
344
5280
2099
2025
8245
5020
5442
9391
3919
2483
8281
1551
1517
7552
3257
2360
5130
2018
4744
9876
713
4260
4421
5408
4346
8500
9173
4241
2673
2703
2010
4253
9398
7344
1061
2914
9478
654
6124
7157
8456
5185
5150
5702
7461
9482
7762
6201
6258
5316
1150
5355
4096
5024
6598
1082
5841
3157
7181
8418
5540
9240
859
5582
2191
1985
9295
1468
7618
7967
4505
5329
5922
1691
7285
8143
1317
8809
935
7801
6775
1951
842
4133
6445
9863
687
9146
6881
2581
844
7818
4007
2433
4019
8266
354
6801
9100
8925
9563
4662
3587
3695
7957
9731
3643
4800
5286
8679
100
9929
366
1438
4406
9534
1886
9774
9223
6164
5508
1220
5819
9286
4002
2889
4509
7030
5601
5846
7067
7216
4638
8731
7817
4714
4790
2262
2187
8031
1834
3362
5083
6654
913
9356
7383
4058
4870
7354
2778
777
5916
1601
8519
2055
237
2969
5803
8786
4848
2614
7806
6180
956
7262
6694
9308
6900
4895
8248
9057
2374
6520
6226
3120
8686
2767
4654
9104
9325
9906
2142
5927
8412
5196
4457
8229
6192
412
1032
2296
1978
8220
1026
9194
7566
7544
8602
5299
5857
998
2012
8234
2967
9376
4202
9122
3966
8489
4252
9161
2278
2107
2052
4207
3449
8898
5666
9040
6298
5569
7879
2293
6470
6865
7510
4533
9829
5194
7525
5307
6262
5744
2849
5273
1033
4941
4564
6295
360
8595
3575
8833
5935
1831
8403
3467
5446
1895
6138
2785
7466
1077
3186
9768
795
5459
489
1942
293
5594
8477
2297
698
2827
7187
4123
7736
6778
6092
6543
5327
1302
4077
6212
5014
1277
3914
7518
9191
9529
8913
38
1410
4429
803
8767
8718
1857
4760
3407
889
8461
8313
6887
8022
840
7180
9064
5585
1007
5796
1490
395
7009
573
3948
3431
2951
7073
1804
2771
140
8369
5133
1652
3521
650
6979
6813
9972
7698
180
1771
88
3173
6846
2129
5946
7369
8599
1972
6178
4254
1099
693
4014
5227
6761
176
1025
9065
1732
3466
2
773
7098
1945
5472
363
7498
8449
8989
7885
487
9384
3131
3730
7151
1345
1140
170
468
523
6364
2318
172
5312
8907
294
5519
5333
4743
5197
2618
6270
7759
1593
355
8131
461
1631
9813
4039
9131
4309
1659
8124
1527
2629
6410
8008
1384
7980
3726
1750
6293
786
689
5261
3750
5699
4684
1845
8275
6848
5225
8078
5862
6239
4518
2377
3461
9124
5339
2442
8107
6075
3902
7571
4610
329
1670
7251
6382
3733
6036
8315
6909
7941
3791
5713
7485
5810
3614
804
6685
7298
5865
208
4503
5268
9206
7447
4987
369
6070
3361
3774
7345
7630
5088
2517
3640
2946
6242
5652
4759
9152
9130
3567
6891
7365
8863
3725
4745
6733
8226
2215
1205
6597
4342
2825
373
6175
2270
9891
2068
8294
7964
3597
6503
3710
5859
5263
7427
6660
3070
6951
3463
8049
5704
4256
8993
1712
181
7146
741
3497
5566
3133
7651
2319
6539
2368
3663
8194
9434
4189
8184
8937
3066
86
1358
1486
6563
9034
1364
116
8842
9805
3888
3196
6988
1694
1898
5334
2580
2944
7693
1802
8961
1090
9432
8103
6069
3086
9999
5174
3973
5278
2546
8855
8622
9038
5533
9939
2839
9748
1197
1312
534
3425
1536
4504
1841
1552
8186
3141
8391
9627
3694
637
7087
5579
7928
5735
7906
3924
2157
6387
7680
9674
8499
4348
5270
9301
7607
8665
1458
9771
3601
1030
321
8252
4142
8392
3277
6614
9743
7000
9716
7916
9910
3011
4010
5005
8306
875
993
8799
5998
5708
3608
3826
447
7528
5813
4973
8203
3283
5919
8896
3848
5325
1798
9555
3041
3908
3977
6952
7194
4541
2648
9022
3021
4364
6937
3709
1174
397
7876
2747
4226
6117
1339
2652
6500
2761
7416
9648
1137
2979
6321
474
9508
8752
8528
5597
4510
3144
8105
4376
5496
5858
5642
8991
2669
6683
2841
2737
9184
8660
4493
7013
6671
7223
2082
4933
1565
282
8629
5013
9940
8426
6898
3028
5789
7012
8749
2287
3821
3486
641
6708
414
4491
6147
3282
2409
1688
2512
3222
9559
3238
881
8719
7206
1902
5758
5114
8246
46
1990
5684
7120
7888
9172
5422
6172
119
757
7658
4621
3401
5330
985
2506
6030
7384
9428
8290
6411
2876
7594
2812
1718
6578
5491
2437
6144
9427
2519
4472
362
4737
7190
2076
1564
6300
6530
1502
4288
9831
7671
5097
2089
9531
9061
484
7340
3503
2763
5215
9382
8647
6149
3986
8542
6697
5300
5802
9045
9207
3632
4709
9108
9671
4141
4531
222
6403
3983
947
7851
9030
445
1342
9381
2239
4607
9033
398
2096
6012
7690
7891
1245
7436
1726
1086
3527
7821
8255
9078
9741
9349
9502
5117
1995
3648
3844
264
976
5555
2823
4473
561
2869
4362
5109
3420
3895
7828
9490
3536
7911
4013
1113
6983
7339
97
8481
1282
5244
2713
1305
2877
3333
7530
22
485
2932
8047
8545
8115
9395
7261
8394
6344
5062
756
836
9901
6999
7752
2659
1055
812
6187
7512
9864
7148
2154
9871
8589
5960
6805
6802
5262
8014
7555
796
749
509
6105
7370
486
5914
2205
9483
1512
5193
7708
4456
2493
658
4797
8249
3455
5706
2448
1036
9013
2529
1780
3944
29
8774
7960
5443
8923
5219
7410
8097
8698
9790
7226
6496
8900
114
6003
6510
1666
3729
7833
1165
1734
3556
9201
1653
969
7361
7325
7913
6832
5892
8230
5845
5726
4100
404
7481
8017
7793
5177
7558
1716
8171
7095
895
8216
9316
2218
9918
9324
1131
6021
1570
1409
4139
6921
2177
8338
5531
9178
823
4237
4947
9019
4754
7715
5212
9054
4961
71
9093
4404
5294
1560
252
3697
2708
3389
6062
6296
9783
385
5384
1121
8964
7064
9930
3613
28
1529
3768
24
3524
8066
4585
278
7678
2505
4687
2029
1858
3275
6224
7315
2687
921
4827
3249
1022
5635
5976
6099
4176
4615
1963
8741
3522
3987
5798
8895
246
1037
1973
5385
9830
6014
755
3692
8425
923
8881
5807
2508
510
9320
3584
6318
8291
7376
4773
785
7918
9933
3937
3006
2490
7338
3233
5426
7667
432
617
2373
2729
304
6083
5526
3913
6337
3580
7804
2611
2821
2856
6827
8151
6509
6163
2078
4114
2710
4993
2776
4604
6816
17
5535
9516
6425
3078
1278
9628
6713
3399
2530
6419
7475
5421
4478
2954
2237
1571
3905
560
6677
2634
5970
6674
5696
3994
9525
3672
6594
3896
9052
2549
4304
243
5457
8936
7892
5745
5473
7834
5761
7496
2588
9236
9865
7662
4366
3436
1921
7127
1035
1355
1297
8939
9570
5954
6886
1261
8998
6160
9263
7367
7616
6096
3618
2796
7930
1111
7932
376
9997
9626
146
2688
5151
94
4264
9163
8792
3356
8625
1510
7463
4423
9007
4646
9365
5033
7196
3735
6724
7322
4428
1623
4059
5070
6007
772
3702
6280
6184
4172
3005
6580
2006
5940
197
3308
7149
9269
4335
8126
4073
3911
7014
4708
909
817
3988
8072
6851
7337
944
298
8909
7633
9565
1661
7412
9696
7669
9162
2111
6790
8381
3866
143
3713
1856
9660
6490
9331
3874
4496
5166
6923
9294
3626
8959
922
4191
8880
6086
2312
1042
9164
9676
4764
528
3093
9512
2465
5855
6229
3064
4203
4157
9935
2525
9024
8535
8551
3013
7782
9096
927
1687
952
2854
2705
2090
456
775
3865
5632
8042
7363
5718
3979
7392
3633
6223
9446
3016
9980
9351
190
988
4711
228
1824
7965
1173
198
2231
1724
1520
9834
9439
8043
5200
5881
8532
9046
1711
5827
6440
357
4670
3612
3731
3798
9767
4795
7999
717
9778
5338
6390
472
3589
2335
5603
3934
1089
1836
2263
2008
8368
7689
7585
7822
2400
7489
3148
1792
8888
8800
8878
7842
5753
3516
5992
5934
8446
3493
891
1914
9888
5500
5495
5638
3571
8811
3450
5739
5897
2901
3904
7846
4289
8390
3903
3164
6649
2874
1651
9592
5257
4262
5477
8121
2178
1412
7219
4320
5191
4843
1369
5332
8714
9014
4903
4384
6888
5390
2416
1372
3500
8852
3540
6581
8179
3989
8508
733
2324
4994
3030
9477
8164
5698
2565
2378
1577
3091
9761
6274
6517
1260
5121
4034
6793
8866
2584
2109
6369
9855
4484
391
6077
9688
9789
3711
5038
5349
7604
5345
1338
334
2996
3187
1936
4229
6574
8374
1473
5394
645
1374
1391
1768
5818
6055
7173
343
3289
5939
3377
3634
1746
8002
8427
7704
9380
6397
9656
5689
6646
5656
4436
1534
9443
9232
1707
4702
9572
8755
9722
4655
2859
8869
9908
8080
618
2721
7239
1425
2229
9713
9971
8579
4212
2690
828
9473
3223
95
1263
763
1513
5756
1181
3531
3352
2910
3757
7830
2486
7043
7940
5710
9145
1238
2516
4450
8710
4084
1739
1850
9704
3714
4998
6975
8824
3674
7050
4267
1488
1516
3841
187
9000
5868
2591
2331
8182
4782
9419
5864
9670
8573
5984
8984
8794
4940
2646
6518
1986
4647
6638
1454
8779
8916
9945
5055
8429
2866
9073
4448
6479
9080
156
6786
1500
6573
1658
1211
9841
6791
4554
2760
6583
7649
9837
946
5815
2872
968
3469
4246
8850
7227
6360
421
5179
5701
4812
557
8472
4245
2881
9342
7460
1284
9498
6637
5893
361
9781
3561
3860
5929
7848
601
7612
1466
512
9188
39
6755
4050
8892
1753
3535
970
5871
6217
4321
4137
9227
9816
6085
6061
4498
5119
6950
1743
5445
5065
3864
6126
1343
5415
2558
8387
632
3161
8716
7722
8564
4015
7220
7234
8846
9961
753
4216
7061
9334
3879
5437
4081
7952
9775
4731
3132
8548
6228
4469
7962
9766
9249
7097
8897
3586
1616
9703
4657
1747
9062
4258
8478
2230
4713
723
5082
3877
2626
7451
3990
4135
6208
1981
7746
2655
6236
8975
4146
8099
211
5675
8845
2426
5449
4579
9639
7668
860
2786
6567
6945
6946
6156
6782
7158
4103
9224
3939
3507
8218
536
610
5100
6406
5657
6862
4068
6179
8912
6368
9896
7332
547
1139
2253
4446
9180
7993
2348
3296
3910
5556
5195
7170
9623
8943
7444
9136
6658
1485
1695
9875
2060
642
2768
4109
5359
4700
6148
3553
6849
2753
5221
2596
862
5856
1975
6819
5387
3734
7066
4573
8415
6772
1470
2663
5932
721
722
3802
6542
2175
9217
1097
9036
3552
6910
5573
6989
7520
4837
1274
6174
287
5162
3057
8312
1024
7275
9681
6947
4577
3154
8475
8157
8324
3267
4826
625
6716
6166
6469
3935
518
6019
3736
6089
8983
1331
471
1894
9354
2222
8556
161
6381
5102
1480
6843
1034
4777
6720
1251
2169
3808
902
4849
4089
9472
2261
2957
1692
8516
8467
3195
9438
2895
6473
770
4195
110
4818
3775
8847
5145
3366
7713
6347
1588
5382
4694
9780
1968
7128
7154
6905
6752
464
3015
5741
6908
7582
9542
6651
1548
6526
7425
8360
9672
7212
4033
4762
6013
8546
7100
6478
5436
458
920
9759
5080
9798
5591
9683
8200
9665
1378
6250
5912
7505
3963
9692
3429
4243
9915
1499
7956
3319
4983
4274
6472
2937
2828
7086
4836
8632
265
3594
7866
6171
26
6185
849
8818
2878
277
308
2070
6415
7492
8178
122
535
3800
8081
7282
4526
4740
9435
4916
4440
8000
2460
1023
9504
6696
9643
3345
8590
5889
3082
2259
5534
6167
8967
4888
7398
7867
1617
4730
3926
7944
5455
8493
6684
7144
64
3083
5229
5016
8642
7024
5607
5026
2917
7675
4628
9960
7931
7500
6647
9556
7459
8116
493
9233
6333
703
8781
1889
2808
7140
1464
9321
9992
3793
8670
5046
3995
9296
9420
9550
1967
2541
882
379
3010
3158
9449
6981
2720
1996
586
7445
8905
6688
4803
7954
5228
4477
4095
7004
1393
1073
4221
2332
7502
5295
2176
7968
2532
5760
5076
1820
1519
1351
6231
454
939
1371
5240
5574
4707
8365
2691
7329
4154
8619
5653
1387
6841
7174
1656
2035
2742
4048
8495
7295
9160
49
5548
9247
8490
7360
4126
9329
8363
782
8279
4780
5614
8273
2794
6426
9140
9937
8822
15
6214
6977
9289
2497
5966
1129
7939
1542
5398
1252
6635
1074
4452
738
737
8726
4325
1557
709
8844
5381
9693
2661
8237
3783
8860
4680
2931
9405
6719
9333
5285
7203
4749
2906
2188
3115
9216
2689
4861
4292
6833
3691
3528
744
7813
8680
638
6247
6234
8414
6444
6556
9453
8630
9661
1923
4282
8568
6233
1874
1872
2942
2864
5284
1608
565
6854
6238
953
4294
6066
8994
106
6664
8965
8364
3502
2681
7437
1722
4168
7214
8765
5618
6248
2498
8593
7415
7998
4799
9730
7124
2307
7527
3882
1675
2224
3101
7617
9893
3884
3478
6150
8876
8582
9986
7047
1907
8172
2450
9589
4845
9120
4775
9411
7083
4701
3947
2091
8511
65
1112
5042
3855
2848
8288
7539
2623
9653
4200
7605
564
7677
3689
7321
7794
2953
8484
644
305
6169
9496
3034
892
5989
7327
751
6409
4771
5941
466
7513
2998
7330
9091
6094
5797
6953
3813
7861
2636
9944
6516
8512
6834
8825
6128
4261
6745
8401
2616
5378
7749
2058
8494
821
9605
7857
4820
9659
202
9978
8817
2921
9853
8389
5874
4677
8101
6324
631
7819
4703
3295
8954
4894
4956
4538
781
9004
7131
6972
6048
8018
4567
3659
8979
9751
8277
6959
6511
1646
8205
3248
2644
4281
8225
8161
843
8232
124
150
660
3231
3517
1603
8601
6541
2043
5637
7832
2013
1785
6971
3767
8773
4197
8534
2108
47
7729
7224
2086
6326
1495
9528
3255
5066
7975
5099
2672
8930
5620
2764
611
2204
196
3927
9806
4358
2454
4298
1170
7750
220
8104
481
7222
1230
7639
7147
3900
2757
7019
9647
5493
5155
8950
201
1308
5251
4232
6758
4368
4122
4599
4972
8053
6335
1096
5420
6927
1604
1435
3167
2379
3062
5167
5180
8393
5950
8934
3315
4892
4143
431
6596
7364
2182
9311
57
6207
9776
2199
8005
6064
1243
6372
8180
9903
6893
8614
302
189
8932
4675
3706
6626
2384
2062
3588
7753
4334
1814
4169
3007
3771
492
8903
1204
6129
1216
4082
8914
2511
6350
8806
5168
6140
6644
9209
324
6974
9707
9475
3555
8750
1927
1969
8618
3254
5460
8645
8211
4650
8838
7726
2462
6730
1693
9942
3311
5391
5529
1178
6417
5730
8243
855
2376
2559
5105
8836
2728
9208
5627
3068
6894
6779
2550
582
7137
2148
8045
9406
4186
1528
9494
3105
8739
4330
7540
852
6394
2586
6919
6524
91
1585
3489
7270
87
4520
6401
5602
1102
8501
8854
3811
6935
6863
901
2352
9079
4798
6982
3444
8911
6133
9244
9784
9544
5993
6104
2637
9082
7536
6726
3946
9607
2053
2295
3476
841
7101
2553
676
7240
2282
2152
5975
1702
394
7264
3221
4302
671
3779
8240
8075
9694
2999
3889
8671
9318
353
340
4217
7381
1865
3598
4682
2817
470
8227
5719
780
9175
8591
1156
3707
9017
9594
9543
4524
9606
8470
8656
8378
3360
2441
1645
6418
8841
8796
5112
3265
6079
2421
5951
6727
3952
8668
6895
7288
3371
8445
542
9264
5128
43
9756
6523
4315
7057
2323
5971
5948
9995
2173
6925
5654
692
8110
6920
1806
9742
9097
7168
2291
541
4605
1450
3869
2902
1842
7747
6286
5252
8118
7836
5639
555
7721
6579
5209
994
7143
5060
2601
7893
7890
9095
9617
1878
8968
297
7655
5631
2264
1076
2390
5304
5747
123
4080
863
0
4723
8458
8969
4188
9479
942
1098
2130
3457
5419
9469
9577
9364
9519
7078
8448
9699
2036
5369
4672
3314
5967
5979
6191
3440
3050
4317
5786
1269
1217
349
6609
7355
4194
6866
7586
8407
2137
7784
5536
9947
1225
1019
9397
5306
9090
3190
1567
9782
1
2444
626
1801
3067
7388
900
7108
210
4508
1201
8577
1290
8633
8572
3470
8258
1453
513
7280
7991
5527
5432
284
1789
186
9518
463
9859
2535
1846
4640
3263
9018
9907
3136
6633
6420
5717
3662
4907
5842
5090
9539
8044
4991
5111
6690
8352
793
3590
3523
8373
2736
8843
6267
4878
3929
3300
4835
806
9086
6589
865
1130
7397
9442
814
6287
2103
9407
1946
5991
6494
8330
9374
4965
9793
3593
886
6040
8758
986
916
6374
4974
4591
444
3956
4378
5246
8037
7435
5357
6705
6820
338
7372
3482
2569
7902
4860
3509
9904
9727
6288
8130
7310
5624
4556
7306
5755
1634
3135
1799
1108
8849
4431
7096
7349
1427
9390
1009
8235
1319
5096
2132
6590
9611
759
6617
5900
7849
9157
7977
1376
1508
2040
7328
2408
7411
938
6670
6965
8533
7107
330
6571
4997
6435
7642
451
120
8146
4537
1899
70
5428
8095
3845
8610
4919
4265
8701
4475
3342
6498
256
3423
1323
367
2489
1294
9302
6687
540
9211
1615
7089
9429
5319
6868
6914
6996
7775
3675
2121
4881
7812
2797
7951
1258
6188
6992
2907
697
6071
707
6143
6110
115
2846
8906
2385
1717
3968
7809
6924
7117
3678
919
7826
4552
3048
965
4020
9044
5346
7763
6984
3682
9414
7055
2515
3259
6681
8831
2023
3810
3899
4609
511
4981
8137
6717
2987
467
6294
9031
3858
5147
9532
4352
4691
7570
9221
1882
8416
1993
9235
6880
4645
2950
1861
9663
4805
8626
3150
653
5752
1584
315
6210
1765
2003
6090
9323
4062
8187
8120
8654
3544
5996
3506
281
1568
7908
7386
1775
8598
7468
253
7359
7947
7347
6471
5201
7597
4719
9580
9970
7343
5593
5547
3408
8299
2227
7211
1460
7352
3867
3623
8815
5120
2769
3055
7446
1866
5298
529
7291
880
1573
9547
1210
6301
3029
4064
1980
945
3881
4016
7126
8221
506
4982
6515
5021
9467
7789
7574
3484
7568
81
9948
6665
1540
195
6466
2269
9552
9415
716
9450
4430
3022
7706
1900
9310
6499
9657
2170
4151
5129
2487
6116
8071
8694
1008
9848
904
3583
4810
270
3712
8084
3772
7106
6911
7723
2005
1650
1377
5343
8224
8298
4460
3464
7052
6376
6625
9685
7860
6528
8669
1240
5063
1151
1989
1171
6181
2680
646
7663
2966
1051
808
6057
1624
587
25
4953
7714
9441
8208
6751
6549
1860
7141
7843
3479
3551
6867
4674
4928
7265
6282
130
3452
5154
7213
1222
7912
3732
2613
826
4445
4653
1677
2806
6504
6759
6932
6449
7543
5923
1226
6584
4766
1922
4559
4952
5053
497
9655
9988
3708
6718
5078
6158
2831
7985
7786
6784
1309
2134
5538
3859
1429
7084
6572
1827
8783
3163
438
6756
4464
7311
52
5371
8559
5444
2701
3044
5504
9852
1031
9393
1719
5210
1815
4979
9417
8687
2211
1825
3828
3920
5650
9588
3958
7091
4847
5453
853
2326
8748
6091
3604
659
7955
1349
8346
2620
5680
2037
2085
4636
327
9658
6029
9649
1913
3294
4631
5143
7366
667
1709
1793
7198
2883
2165
7192
6941
7480
5528
4936
4857
2411
5254
8768
1457
1299
1084
7297
2770
1955
5987
1161
3081
7820
7304
4091
2388
3717
6915
4040
8060
5648
595
3820
9195
7859
5226
144
6314
6632
7621
6
3460
8790
8400
1046
6095
437
987
6142
4350
7657
4581
4242
8751
4483
2308
4444
9027
9350
9561
8357
7802
4263
7556
9763
979
4120
6695
1176
8353
7333
9319
9729
8455
9343
6741
4667
8743
9804
2399
5532
1697
2668
3281
9278
1316
9471
148
113
7041
9819
8562
8295
2403
7815
596
1209
1686
4067
1080
8388
480
2139
3109
797
5840
3224
9850
6698
2458
3347
7277
232
3776
5439
4661
3388
9642
1774
8420
1079
7122
4075
2699
7006
1039
2834
7783
4992
3605
7765
5925
7733
3406
3530
847
2871
1048
5301
5767
460
1394
3658
8554
3123
9946
4659
6582
3354
525
2918
4447
1332
4512
4587
3335
3592
7003
3647
5887
2995
4356
335
2258
5518
2245
1919
8474
9750
715
2674
8289
4372
6780
9861
6735
4419
9463
8657
2604
9226
3261
3609
9758
6263
6656
1920
6363
6135
3564
3228
4363
7493
3419
7969
9747
7741
2347
4117
3861
8006
3435
7054
1475
7761
4093
7010
505
3073
5451
6257
112
1855
1461
7318
2092
8316
2792
2974
7587
4658
4008
3639
1970
1092
2820
9284
4925
9060
320
5466
9673
6345
3918
4134
2469
7710
6232
2113
6467
2909
6964
9677
6219
5164
8744
740
5965
1003
9862
4530
5132
3827
5805
9328
3215
8343
8667
8988
5567
4053
4781
3635
848
3886
2481
199
7394
6815
9686
8379
1956
6154
3985
4397
623
2605
5413
217
5048
8871
3655
5809
7769
7263
7188
1083
1136
7432
6159
5202
6480
6451
2709
9283
2429
2147
6607
7899
8575
2787
2327
2470
2198
8941
4904
3153
8682
7718
6748
2382
8135
3847
4000
7683
4954
406
4213
5368
7404
3036
4951
3040
1307
2958
2294
167
9601
3396
1606
6729
250
5336
3076
9820
2252
2518
5049
6281
800
6034
6275
1657
7484
6162
7193
1359
5282
1828
7161
8332
6304
4434
9889
7764
2911
7037
8482
4290
3251
3747
1838
7155
5001
4838
6767
6963
4244
4611
7136
3665
932
1833
7837
3328
7853
8438
3266
9081
2000
4558
9833
7946
101
286
2842
2524
3974
8735
5058
613
2208
912
4105
4955
5880
3834
4666
4756
5550
6736
7335
7448
1443
4859
3442
8699
6808
6004
1296
2366
6495
5596
6706
3104
7661
9028
216
3656
4840
6065
8851
9618
2168
3769
2853
1142
1928
3907
3247
7346
8634
5234
8040
9807
8362
3547
4791
7854
4704
2402
2080
6131
4118
3071
5429
6436
1847
1242
2126
4506
3434
6028
1590
9590
6501
9332
2290
9112
6794
44
8879
3720
8160
9066
2564
1318
4156
9196
664
319
9237
1417
2367
5849
675
7075
6550
5395
3621
3532
3069
5937
3933
3781
8170
1819
6119
7716
4329
1013
7922
2155
9312
6987
7457
4899
9734
9182
6962
967
5134
3151
4724
6349
9070
188
2945
3125
8410
6396
8163
3290
553
9445
3387
5945
2568
9399
9989
4683
8003
7269
9379
5589
9975
7164
8476
3405
1609
6552
3322
9005
164
7652
7756
4023
5452
7660
1930
1626
8210
4969
7959
7409
2075
8359
2413
1759
7005
6704
9138
7514
9956
8307
9493
7479
476
8409
8062
2531
6944
2049
2160
9203
966
6103
5186
2158
3220
7243
8305
5884
4183
4026
5779
1757
538
2602
742
1138
4074
2431
7641
6489
8688
3443
8473
2940
7320
1094
9843
6845
306
307
9678
4938
3830
9408
9299
4960
1911
3558
9187
4132
5051
5879
3106
711
2926
9586
2582
4618
7257
7250
3617
4712
5700
9148
8411
5208
5751
9566
1257
8514
2896
7172
8948
1419
684
1835
4136
6255
8395
1386
238
4121
2453
403
9487
4319
469
7395
3513
8636
446
1266
2730
7378
6152
3143
7538
4094
3999
5243
9644
3992
5727
1437
2986
2988
6383
9927
5401
8136
9400
7319
9536
9476
5502
4181
1381
2193
8109
2992
2150
6334
7237
9949
4489
6460
8503
7593
9155
7419
1779
2697
337
1101
8760
1373
8119
9983
686
5660
949
8025
7673
3843
9777
8268
4863
2119
3559
339
1236
372
6101
9260
1550
9074
7542
1859
4485
7717
245
9633
9922
833
205
593
6485
1991
5417
2744
1459
9667
4765
465
7267
182
5658
8515
558
3237
7217
2358
3155
4192
1714
6529
7129
4214
9587
4042
6955
3490
7987
8259
4575
2919
6325
453
9582
3019
9870
5047
3577
3430
5590
7562
2242
7691
9497
235
520
5095
999
9053
747
8813
3156
2801
9629
4725
1984
1062
1075
7926
7254
5928
1234
6857
9386
6980
7613
1761
1890
4996
166
6564
5163
879
7403
5828
5903
426
5577
3204
2970
3193
9894
8858
3619
3313
1925
2935
2322
5891
1678
700
1154
4770
4044
5127
1561
4783
6491
574
8292
2041
619
9220
7984
5172
4072
1720
2566
2397
9981
3472
149
4796
8176
2939
2925
710
7945
93
9705
1931
2038
3969
3515
1334
3174
7082
9924
3982
8244
4854
2172
4555
1637
2095
5933
1344
9219
6739
8154
813
3368
8460
3293
9990
2628
7635
8540
4896
9797
7396
1887
6788
72
9340
5830
8771
9603
5260
7272
6186
1976
6269
2732
5737
3376
6427
9698
5522
3499
1141
6885
8242
3462
5176
779
8804
9281
6961
9738
989
8553
1600
7824
4052
7215
7023
5553
4834
5583
2985
7589
7901
3603
7979
1755
789
5944
3673
5612
1553
8539
5238
8732
434
3390
4227
7696
9314
4313
2715
2915
6046
7988
7953
3657
3317
4891
6551
3138
8507
1503
212
567
8910
2693
4066
5037
6380
893
2083
9634
5283
2890
9964
3191
7909
4887
5899
1805
4568
1447
1706
8620
5002
8864
1004
3949
8398
1320
1983
1800
2579
6773
1273
5160
7800
6056
6121
8327
4161
7093
2350
2260
2232
117
8386
7414
455
8035
5953
3149
8082
8585
7063
8823
1817
887
1413
7253
5822
3916
4697
5447
9710
5958
6463
6519
2220
9597
4438
9436
9111
3287
3836
9275
3749
9868
7210
3670
3127
1058
1270
2009
762
374
6241
3114
5347
163
1493
1143
9524
9881
6825
8052
4550
4211
636
4160
6512
3754
1233
9749
4696
5563
3543
6601
9423
958
580
2301
3445
6821
9134
4266
6747
200
2354
8935
4957
6497
8684
7462
1696
8963
1935
1884
9919
7048
978
1648
1912
9636
6711
296
6277
8945
2836
2603
1147
234
9697
7856
9811
291
8267
348
62
3378
5170
1611
7614
9327
3917
9387
2606
897
2061
2790
3819
1149
2538
1545
5769
416
1126
2054
325
8522
5588
7166
4102
4868
5003
810
5188
6631
429
5400
1580
442
9279
2522
5430
1264
2219
8520
8405
227
6728
2783
1673
883
7271
9430
5079
7637
8992
9938
2938
3870
9304
1929
7476
9183
3198
8260
2829
6421
3541
4632
5676
2840
1597
8046
6283
1018
2754
5983
3162
3219
5738
3210
3512
6731
6603
5340
8447
1229
8798
9437
6627
8638
5985
129
7596
4198
3980
389
3145
8325
3046
8531
8648
6522
2725
9484
2826
401
133
6606
7105
4589
3357
2835
2643
5256
2984
2100
2560
8236
2425
1275
3176
6810
9593
8814
3306
3329
8441
2930
7442
3045
4852
7439
2247
9675
1598
6194
6531
8399
5938
1283
7976
9914
9652
8759
1189
7039
9198
3624
2745
5836
2334
6904
214
2724
5431
4323
8250
2561
7785
5323
4316
1870
5335
5009
2210
3853
1442
2069
1826
6176
2267
5478
8069
6547
5075
8228
3620
9786
8177
4353
193
4499
5913
981
5138
4752
1207
2571
706
8877
9669
12
6902
8884
34
4945
9150
5780
8658
5683
7740
5393
5655
4984
58
9370
5784
4165
6386
2838
9746
7076
2407
7062
3637
9404
1627
268
8128
7022
20
9337
3501
885
2639
3537
6544
7541
7056
9094
3785
8944
4405
1395
8692
7526
5869
5598
7654
2304
552
4083
1633
2214
4341
7790
6088
3279
7563
5664
4130
4977
724
3453
4990
2349
3309
4487
5673
6930
7754
4867
1095
7711
2772
9966
1940
8336
1085
2658
27
3304
778
5279
5131
3004
1563
2948
7561
975
5405
7881
4794
8635
1199
8565
8578
4355
5838
730
543
9701
7268
2272
591
8695
3993
838
1482
4193
1198
63
633
7081
8138
8090
7994
9495
7308
7422
377
1194
383
5623
3676
1056
9147
6366
4728
937
6261
7074
5365
2870
7873
8253
9144
4454
3890
4943
5241
870
131
6222
4375
5313
6430
1558
3000
6060
4967
1439
5341
4900
6404
4602
3790
6675
9293
9085
9464
3024
6356
5512
7792
1145
4763
5110
1326
7281
9270
702
8270
7992
19
33
4576
4811
2249
8775
8421
9202
8527
45
3166
6063
8285
4523
7522
2791
4693
3273
8132
5103
1808
2989
3103
7634
56
3548
1790
3117
3206
4988