915
487
561
896
735
606
257
457
83
979
553
265
934
327
15
492
219
222
407
374
637
529
280
490
297
179
393
210
670
139
517
886
10
856
568
230
193
453
452
920
110
396
38
345
211
144
570
184
261
107
791
439
959
537
626
975
730
592
156
786
65
17
344
987
908
255
445
408
864
78
273
441
790
999
486
577
473
161
630
6
202
442
166
114
732
268
47
996
584
973
645
993
369
646
412
130
356
49
804
539
134
73
652
967
842
472
429
348
760
985
642
269
554
649
419
546
172
595
743
72
244
773
901
699
799
400
825
331
260
576
724
494
479
322
307
850
115
703
262
690
349
245
249
288
346
619
450
44
861
742
913
654
738
759
234
48
20
761
465
575
336
823
826
939
207
965
416
756
929
766
634
948
878
697
200
869
989
428
907
4
159
832
902
998
368
877
12
639
782
952
540
936
0
320
891
96
296
31
849
569
647
147
142
764
851
272
874
66
43
750
992
105
903
917
93
681
112
185
700
151
806
131
53
953
117
387
231
666
63
226
364
98
686
909
567
19
304
548
55
23
904
402
382
461
684
534
40
512
674
613
215
571
247
772
617
35
893
653
526
431
201
852
456
9
614
747
566
410
334
978
754
892
64
323
894
871
415
206
828
135
675
310
516
573
29
722
324
968
352
834
298
520
679
547
701
45
317
629
1
530
500
24
775
54
501
636
862
927
970
940
299
338
733
236
41
960
405
525
895
256
397
931
204
768
309
717
481
111
350
170
899
943
752
315
8
100
58
337
177
79
167
239
745
616
373
638
937
120
488
763
593
85
21
833
498
997
933
383
18
511
921
454
477
474
50
802
867
611
924
954
935
347
377
444
335
514
371
289
417
651
696
434
212
552
860
123
132
574
565
121
316
411
672
313
762
129
173
527
673
770
659
1000
137
154
683
148
640
390
155
971
213
810
145
813
603
391
990
618
157
835
543
435
342
709
430
671
560
589
930
980
715
778
848
784
748
293
302
787
508
258
774
321
264
386
413
631
925
351
661
857
840
838
610
601
555
982
749
542
30
780
707
958
480
389
404
380
384
483
127
174
76
765
354
633
119
399
75
274
71
704
607
922
827
524
294
176
194
579
510
872
438
767
290
409
736
644
233
388
443
146
489
541
873
714
746
664
227
199
991
270
248
101
229
237
727
493
463
794
829
882
598
711
305
451
238
846
278
242
403
994
900
918
881
505
332
243
467
969
962
981
3
370
26
52
392
710
677
627
580
70
655
276
623
693
723
188
758
319
648
819
950
81
301
126
932
286
599
705
339
845
186
143
682
271
621
890
308
887
665
522
246
667
964
798
108
988
535
914
448
464
366
858
328
92
550
476
395
995
708
777
432
252
563
769
360
885
375
446
587
839
14
556
235
34
133
688
737
223
259
624
141
86
291
437
923
343
125
355
678
865
330
362
11
602
2
77
841
282
462
482
425
124
87
863
51
33
5
668
792
544
910
287
888
191
470
495
221
192
502
420
218
178
781
859
615
56
16
496
303
32
687
22
532
719
398
818
25
224
926
422
689
460
89
162
27
739
966
898
609
250
329
866
879
757
363
824
875
42
163
513
168
69
734
976
367
205
635
36
499
7
458
662
751
961
285
725
808
90
685
279
726
67
594
378
536
283
545
140
180
533
197
983
590
372
353
583
195
531
853
897
729
796
506
97
189
312
680
880
625
507
424
13
789
919
497
604
153
656
158
175
588
361
691
658
581
182
60
805
847
277
449
91
974
152
128
741
46
755
214
39
538
800
944
94
753
116
103
928
484
843
597
216
263
254
241
716
88
740
240
837
814
564
468
600
150
620
702
955
712
228
728
340
883
414
641
820
830
822
941
220
718
815
208
803
171
956
295
660
284
788
469
698
475
905
267
62
945
876
622
281
776
187
455
401
314
418
109
275
306
426
706
28
436
946
889
491
643
95
169
106
836
572
957
582
821
84
528
519
251
518
884
523
744
972
657
102
253
478
68
809
504
427
844
318
608
831
59
385
358
612
440
325
938
942
160
164
951
394
80
521
870
586
300
911
333
731
421
559
585
692
977
811
466
676
326
785
113
551
779
232
447
423
190
485
795
99
605
557
916
949
196
906
963
104
669
591
225
912
359
628
650
797
868
793
203
807
801
311
984
379
376
165
122
136
381
812
82
433
365
509
947
471
406
986
596
783
61
198
578
503
713
292
209
562
771
118
816
266
217
515
74
663
855
854
549
149
357
459
695
721
694
341
558
138
817
183
57
632
37
720