245
1134
1973
1569
885
1212
607
1103
1636
511
1456
749
1399
1988
1971
157
764
946
67
1288
1158
612
459
308
283
179
456
438
479
1891
1517
1239
1986
247
142
1847
1719
1491
294
103
807
1175
1315
1254
1743
69
1388
550
1577
705
1181
1697
529
1483
1173
802
1612
248
1511
1534
968
309
1927
1253
90
678
46
1520
340
1658
1789
1410
1933
1081
1628
714
1648
435
1882
1101
1215
1257
1748
361
1500
1067
1686
1800
596
1396
1440
1161
1061
1133
1435
1861
1025
1550
1225
857
1799
171
126
502
560
1208
645
870
1793
804
1794
1993
1757
73
497
661
1689
1004
582
1810
712
131
746
475
1334
926
969
571
1887
991
1200
947
684
1216
1290
1086
525
1889
838
1195
1429
1066
1286
496
267
71
1439
1339
1477
1401
791
405
12
1695
378
1535
1841
1405
871
1718
873
1749
1644
1055
616
1984
477
65
646
988
251
1682
35
1545
904
167
1030
1502
1677
1704
1992
328
1020
662
962
775
32
1920
262
1590
147
461
565
7
154
96
1391
1138
1204
1524
195
902
22
1078
54
695
352
687
1635
1552
1829
112
540
266
1740
379
1833
1870
574
604
1442
728
1974
1402
917
1503
879
1536
11
1199
93
1567
754
1558
715
527
1683
1389
663
341
997
698
983
1379
573
1211
676
601
523
1233
413
197
235
289
1620
598
1944
183
912
1352
1460
1278
971
1551
1909
899
835
546
630
232
1981
1956
1493
534
243
615
652
1026
1261
1473
1038
347
466
255
813
641
581
1478
1516
1846
452
951
842
1919
360
594
577
162
1603
1434
292
1046
1283
1913
803
671
759
1235
1106
1820
189
30
1029
891
24
1941
1512
1349
53
1008
767
493
439
337
1140
185
1467
1936
672
1329
1074
741
1414
158
647
81
1320
1900
1100
1813
954
808
535
1270
88
417
401
1604
355
203
1494
865
1301
160
212
1039
1809
1912
125
589
1643
1252
1119
78
677
1107
1838
1245
1202
1908
38
1601
1194
1087
554
518
1373
363
1206
1276
15
736
468
1713
575
666
1308
579
388
704
1351
1967
148
1911
1856
1182
1292
270
8
1970
364
284
644
814
777
190
1117
1213
1463
1311
1722
843
911
1746
1696
412
989
528
1263
476
173
415
625
387
1788
134
1711
116
1390
961
516
1335
533
492
1638
1153
300
770
1959
1942
1060
1406
407
556
488
1586
1305
1462
828
1291
1063
531
1634
1509
1840
403
383
1854
1047
1554
649
1681
1945
85
1574
1605
1271
1826
29
1585
441
58
1566
852
1042
146
853
614
1115
670
1655
1385
1073
256
1690
17
318
0
380
1548
1962
346
208
1043
1858
681
1994
635
1514
1033
211
876
755
1325
50
825
834
1529
42
561
756
1447
239
1475
1210
1528
285
773
1857
446
1518
824
1076
329
1298
1525
1013
1485
930
1850
100
219
809
618
331
1619
49
1609
769
470
1632
89
1217
762
177
564
1148
1367
1823
1114
57
1572
1129
1085
109
1427
895
1784
1561
139
816
551
181
1980
1080
334
724
1420
1672
254
1094
1196
1222
1998
1223
923
1817
1219
174
1753
253
1096
658
837
354
1450
257
657
222
1815
517
298
1599
1236
1021
820
1541
408
367
718
1187
1319
1310
132
722
1910
1904
1430
1393
530
92
944
1353
1822
1768
1149
273
1186
513
831
1069
1622
1607
421
602
568
1907
1666
1521
250
1739
606
593
656
490
1931
34
99
6
199
1583
727
1624
994
1976
111
1717
1327
1623
1248
1542
1792
442
1965
1035
1372
269
319
1172
1365
150
1647
240
45
418
350
1531
1088
1573
758
1419
1168
202
66
1796
1416
385
60
1489
1705
175
1821
717
121
1309
1759
757
725
1640
1027
1072
98
631
1510
1360
1275
1151
436
242
178
1983
1387
1975
1872
1538
864
1958
578
719
958
165
866
1164
1068
1776
1240
690
161
1985
559
1407
288
932
592
1125
172
595
1001
1265
795
522
1162
939
933
75
149
102
1488
1452
692
1395
1296
1448
1361
1167
1579
1262
94
1368
230
778
1805
1244
321
198
187
1340
207
1917
1279
9
619
389
1926
1260
83
464
609
552
362
357
1010
751
817
1476
1742
1398
1656
1948
538
765
1354
236
720
1437
1816
1284
416
952
935
420
322
1964
1075
1009
1684
105
1154
1471
1947
1578
1735
1914
1540
1881
584
1097
426
524
985
1498
1614
1526
241
1136
877
1649
1424
205
1459
844
221
1412
113
514
1028
1226
1376
1243
129
332
1084
536
237
453
1104
145
68
1937
261
264
1721
194
278
1633
1506
1417
1152
1120
1639
1272
1972
794
1165
1576
587
859
1142
1762
47
1782
1227
920
56
1779
610
1991
1461
1341
97
1111
1631
1421
955
1413
542
585
1741
138
761
918
1383
61
10
925
1174
1048
1002
117
700
1146
51
1382
366
553
882
282
82
734
1316
689
1778
738
798
480
655
244
1350
903
950
629
1209
628
1453
915
986
1300
981
386
238
1363
1997
226
729
1258
1758
1774
1825
1082
1433
1337
508
473
732
1077
1807
1710
790
636
1626
465
963
867
632
1613
1159
1000
314
1657
1928
5
599
1949
1860
315
931
1274
1145
429
1568
1232
1105
422
624
1322
1593
1317
611
368
21
1207
451
1220
472
1394
547
1691
745
805
1113
1333
1058
1150
1032
191
224
1071
1663
1763
409
1883
829
1242
785
566
889
847
1079
1282
1674
1444
878
1892
1110
1629
827
1007
1868
1921
708
1715
973
789
1256
576
156
1380
201
707
1775
1938
1939
1234
1595
1830
1844
404
1924
1865
894
874
1143
1404
957
1565
1246
688
1056
1214
1935
1307
1884
521
543
374
905
664
597
1570
772
1519
1470
1661
166
799
1918
1836
1688
503
1694
1673
1507
709
1156
427
483
1022
1618
572
1798
1486
1053
423
1126
1369
182
1641
460
1342
62
1555
19
494
784
845
43
467
373
1034
135
1869
1189
1873
1839
107
1418
1251
1627
1961
898
1811
570
1479
4
942
750
822
184
200
1849
1898
1266
774
788
1344
1732
1827
605
893
1302
1781
1446
402
1139
1886
884
1409
1916
1968
144
1
1890
896
1295
1083
210
1750
343
1179
272
1370
1166
249
36
532
638
1700
128
188
938
998
313
1835
1955
1589
274
1630
1237
1709
929
1853
856
1764
858
1374
861
1269
723
1190
74
694
312
234
345
252
209
1497
216
1946
887
617
163
287
1730
1428
104
1745
1006
1228
1451
1171
1348
1249
1777
1241
59
783
1982
114
338
826
1169
1230
141
627
1163
277
780
626
302
1723
286
680
39
875
766
846
323
519
960
305
1950
1562
1465
369
1879
1049
431
1557
697
914
14
1135
1238
1366
381
1539
320
1670
696
371
1859
293
1559
1523
1600
108
1454
1392
1685
333
424
703
682
1044
358
375
463
555
1615
1978
1812
588
1726
1089
1738
1259
1606
832
948
1231
940
268
406
1571
1247
1951
586
966
622
1221
1659
1556
304
449
1364
1109
394
327
881
782
1480
1733
1229
1560
1400
1544
850
3
1397
683
1326
260
742
908
1345
1716
1786
370
1332
143
654
1934
489
462
1803
457
620
815
1443
1255
667
64
223
1051
392
440
1751
2000
537
1504
1515
811
1901
897
1371
1680
430
23
679
685
1012
1837
1198
448
170
665
648
941
79
1408
1505
848
281
760
159
505
263
1466
1499
1299
1501
1747
1737
258
569
921
1871
796
711
768
1338
471
1458
1277
80
1178
1191
855
913
1426
1468
1358
583
396
1953
1814
995
44
1598
1280
987
567
41
1362
1287
1549
1381
1667
1707
1864
391
977
437
1431
1787
120
290
137
1597
1646
1637
356
1457
1783
33
365
806
450
118
1952
1065
562
1016
1977
1328
868
306
1731
1877
432
1098
119
892
976
668
949
1979
1960
972
233
928
1197
1957
982
428
458
1588
443
979
1192
1902
1273
919
927
491
800
907
901
1547
122
1831
1999
818
455
996
506
501
739
1130
1617
1122
1895
1654
1384
841
1587
1621
445
999
72
1893
1596
37
1052
743
1929
510
372
1184
84
1423
101
1160
1436
1855
1842
1969
1293
474
763
1070
753
659
1057
651
975
1321
539
1652
992
1356
860
1701
498
1602
1608
227
310
640
1054
872
1848
1411
16
1702
1679
1112
1267
1852
218
1377
335
1878
580
454
1306
984
279
623
541
1095
1464
1019
544
1899
425
1903
1031
1445
1037
716
1289
433
55
1867
1141
1131
1744
1157
1513
1532
653
713
196
726
1616
1481
1866
1203
1449
1137
779
1492
934
978
591
735
833
1441
395
1124
1845
127
1584
1875
168
1127
133
1118
1582
1761
1843
1922
1990
2
1336
316
1905
1801
186
1714
330
1155
1736
504
1563
916
1330
176
1765
1915
643
70
1268
1896
900
1062
399
637
1642
1415
970
862
1720
1041
910
1015
296
1925
1543
336
351
359
639
507
397
515
106
744
936
549
1625
1806
909
1785
20
339
152
393
1712
1304
686
869
301
1386
1323
110
980
344
883
1355
922
348
1797
1760
91
1147
40
1045
1314
1725
1665
124
1346
1455
276
1880
1180
411
1318
213
1754
937
797
1250
1438
1824
259
390
1537
1943
1591
246
434
1671
1611
710
1496
1224
1023
702
801
384
31
613
169
1876
215
1003
484
444
526
924
1522
495
945
701
353
603
1313
280
1176
1432
1766
1675
854
1017
1011
721
1610
1651
1188
781
563
1780
1770
1218
1474
1795
786
192
1966
1791
1832
642
839
731
1932
1482
1183
1940
1357
220
1834
1018
821
1102
87
1755
1580
943
382
1005
1995
840
77
1802
1769
469
1989
324
1553
398
608
1036
410
130
1752
1687
342
660
771
849
1851
206
1703
447
956
295
959
1581
275
1728
1347
693
1592
810
830
1790
1484
1862
1264
1343
1530
812
990
231
63
880
1660
1205
1963
1121
13
151
193
204
1297
1359
1906
1425
674
1772
27
155
906
836
115
140
1281
271
229
311
48
1594
225
1285
1996
967
487
1201
86
1756
1888
1331
1527
1533
1808
1819
747
28
890
1090
1495
863
1128
26
974
1727
819
730
748
1767
1930
1091
1729
1564
1708
1064
377
1669
325
1954
153
1378
1693
953
499
1193
1662
1804
634
1487
1885
965
1894
1024
419
164
214
1734
1040
1771
478
481
600
557
1177
509
1987
851
1059
317
1490
792
1014
1185
1312
1698
297
228
823
888
1472
512
1303
307
1692
737
993
1650
1546
1818
303
482
548
1773
1653
691
349
1828
545
1706
1170
291
669
1422
1294
1923
1676
1724
400
1678
180
500
217
1575
886
95
621
1863
1144
1324
1116
486
136
76
1108
1123
776
1508
675
520
265
733
299
590
1093
650
1092
752
326
1874
1375
52
706
1645
1469
414
1050
699
1664
633
376
1897
740
787
1668
485
1699
1099
25
558
123
1403
793
673
964
18