1915
850
1299
2972
2052
1704
620
1671
1418
1495
2465
416
707
1239
2733
802
549
822
2222
1491
751
730
946
2603
1793
1266
530
153
2126
2046
880
1727
722
855
2586
1100
834
2996
2953
167
1026
1637
1116
2962
2678
1152
478
1623
2409
2583
2304
2282
2627
2614
2625
1579
533
2338
2517
1227
1634
1737
319
816
1493
261
1031
2568
1815
1094
1298
1696
70
1320
308
305
1358
639
2856
1738
943
1432
2316
1912
1262
1709
1535
1444
1144
1170
154
2278
890
1792
403
705
2169
1141
360
2065
2037
1012
76
2356
801
2838
1244
1199
873
2446
43
1764
2062
973
367
2819
2520
239
1604
1689
1616
1075
224
451
2300
1004
1996
2434
2314
2650
2619
654
1813
2168
2439
1019
849
788
2200
132
290
340
382
6
2538
908
452
2206
1198
1393
568
236
2001
2079
522
1216
1400
2924
1332
2225
633
1008
50
2915
177
2501
2441
112
1656
2177
300
914
2874
2865
441
1992
695
2357
2982
2158
25
2453
2352
2210
1159
2898
747
852
635
1040
670
328
2306
358
2101
1268
1163
2654
2755
953
1599
745
884
0
2760
2887
905
933
793
987
1986
172
1795
1081
2721
192
1352
2852
1953
916
1016
1439
2948
1368
2486
1642
667
1276
1221
2360
662
1926
171
365
1447
71
624
1698
1033
1474
2999
227
80
631
686
2688
1212
2740
1236
377
927
1138
660
949
343
1052
461
2928
2159
304
2613
1711
984
636
1339
373
1872
510
276
1697
240
2112
772
2393
1065
519
1706
1423
2803
2255
2007
2909
2884
1337
2516
701
2515
52
1518
596
2346
1006
401
250
164
2510
1310
2063
1035
1270
2644
1950
2427
435
2403
159
2043
887
337
782
408
1230
392
1741
2841
39
2810
1857
101
1622
1575
1404
1896
1867
1777
465
425
1708
323
2429
642
141
2152
107
1641
1900
450
1414
1123
262
2582
33
1068
1316
1577
482
203
235
2727
1559
521
2258
168
1657
2298
1812
820
1443
4
902
892
1791
1571
767
2253
1028
196
1922
2332
742
162
2570
2388
777
2606
2618
764
806
1890
1960
2395
82
298
445
2425
2966
2900
534
1139
756
1973
938
1615
30
1842
893
1609
2072
2926
1519
854
2475
2840
706
1676
1675
2051
1074
2787
1882
1846
2472
2892
703
1475
1451
1127
1749
1507
2754
2914
1895
2937
14
348
178
1886
677
1981
2913
2698
971
1617
2252
1666
2333
2207
2468
1855
847
1893
1494
1481
2514
2415
1837
2832
1167
1677
317
644
1020
600
1292
291
928
1739
1374
1923
2277
876
1492
1550
729
664
2829
1232
997
796
2205
96
969
2440
2927
2908
2003
1509
989
2481
1497
2290
2532
1005
2489
2157
1879
833
1952
1053
2715
2920
2620
1334
1910
1947
929
2893
2232
1267
2945
1225
579
59
2616
321
794
2986
1356
2365
2381
1148
1250
1204
2069
2686
1924
990
678
2030
2267
2800
245
269
1463
2553
1289
560
2738
490
2641
120
2659
2110
2056
1865
2707
2843
1208
1446
283
2859
1933
637
2288
1528
1410
285
2035
1022
2573
774
1431
214
1315
728
2221
355
1845
1297
2757
1485
193
18
1287
2340
1126
1721
2716
592
2194
2273
449
499
1122
2575
2237
1977
2149
2605
1295
1478
2039
2880
1860
2399
2870
2621
859
1934
1154
2585
1576
697
1121
347
1730
2054
1046
336
2385
2470
1613
1458
2983
2682
2578
232
2342
135
2896
2201
2095
2118
1906
1288
935
1461
1619
2361
2673
2844
1513
1600
535
2730
1667
1084
1506
1070
2968
736
2623
2826
2011
1873
342
1949
1702
242
1544
2795
2747
294
937
1954
758
1539
665
1226
398
487
1742
726
1153
1063
1229
1557
687
2722
1854
1561
122
2115
1991
2680
1089
410
848
1894
463
2155
853
1135
1282
1543
2895
541
2353
2997
545
2835
2249
2362
638
1438
206
804
2417
2322
1182
612
2932
1633
2824
838
2588
2463
950
1309
1625
2028
863
1863
2166
90
2825
496
1728
1913
2626
94
1951
1235
1422
2150
641
1048
766
448
692
357
590
1279
2310
891
1799
2027
895
1905
1193
1483
1874
2798
2123
725
1102
860
1967
958
273
1430
1147
1387
1477
1914
553
2542
1674
2454
2384
2701
815
1365
400
1296
992
874
1377
1526
494
1261
2491
2604
477
1401
2958
2776
2864
460
1907
146
1245
1351
1628
1467
1734
361
2081
2002
353
1291
2107
1811
837
2949
516
2741
10
944
1843
421
1968
1030
249
433
602
1146
1010
495
870
2114
2023
254
2699
489
803
2355
2497
5
651
2313
1375
2462
476
1849
1717
1143
2615
1989
2088
967
352
1806
42
1096
517
330
60
217
2344
2405
485
1097
1196
1927
1283
1876
2779
966
1234
1490
413
1333
1714
2074
630
74
1835
2547
1751
2504
86
2025
896
691
1930
318
1682
102
40
1541
2245
2540
647
455
1169
1939
1329
238
1371
1252
1678
1140
2254
2389
2042
839
911
759
2283
1598
99
1620
462
1197
2549
1241
2127
673
2308
106
2977
2622
1409
16
157
233
15
1780
266
2327
194
2861
1151
29
2766
718
1050
2500
208
2309
2493
1061
2813
2461
2189
542
999
2763
1794
1389
1508
2084
2511
1049
2302
910
1445
2265
2872
1379
2942
947
2421
219
879
2839
492
346
2077
2364
2394
2822
787
1715
2433
378
2211
77
851
1105
798
2067
2141
423
1771
2876
265
2287
2436
1195
2640
1275
1091
243
2947
1098
381
611
1354
629
807
1249
2862
2451
2412
1395
2068
1378
380
2782
17
2830
1565
2045
2530
1484
297
2203
125
34
985
1106
473
2684
1805
213
429
765
2229
512
1555
552
2551
1770
2435
2419
1998
690
2821
45
749
2330
762
2397
1189
2534
2312
1568
1175
2380
632
779
190
2014
44
2706
2574
2674
959
1999
2601
505
2669
2543
2100
1788
1044
1817
255
2000
2784
1134
926
2271
771
1202
2526
2512
2410
720
1716
1703
1355
1820
775
2724
105
2494
175
2450
8
1462
199
832
1457
889
1601
2449
2198
899
2934
2503
2710
2672
614
814
1120
2146
2910
1456
2349
1293
867
975
1870
277
2374
24
2094
1319
1784
898
1807
755
1327
1861
1238
1396
155
2391
1585
2901
183
2518
1921
2367
1496
2596
1314
2662
2969
372
2790
2612
1240
961
572
1056
562
2103
1424
1574
2438
225
1627
1549
2720
1271
2289
2078
1766
1524
2556
2178
2329
1166
1130
2070
2792
1563
1841
1062
2016
780
603
2487
866
565
559
1699
583
694
2268
1944
2401
2407
257
1284
1979
1564
2599
2955
1660
2591
47
1176
1560
2871
2368
2386
1369
1643
625
396
818
829
2952
1323
1687
956
528
543
289
2299
1023
724
1869
181
996
965
2845
1836
2867
2719
1946
226
1059
653
1087
2978
2693
1416
2448
1032
1054
1668
2731
2717
2848
1809
391
682
605
509
1113
1253
1361
1984
527
2485
714
2184
1525
110
2214
93
176
2931
526
669
1661
2191
1958
1060
619
2888
1829
1832
640
2808
295
506
133
1367
2145
2181
1460
915
1434
1376
368
1889
1465
498
2247
2020
731
2971
56
1664
1745
1935
237
2175
554
2557
1045
350
1747
2215
2292
129
813
160
2528
2866
1775
1095
1635
1083
108
2458
1340
483
1578
1383
698
2536
2984
2649
2602
1639
723
768
2799
2469
218
1871
2527
581
2658
12
2592
2129
994
1243
2192
1596
2587
1532
2351
359
1099
446
778
962
1108
2460
1880
1768
335
2930
2
719
1149
734
1427
1695
81
1007
918
827
1450
2442
739
497
2242
520
1974
2366
856
1621
2281
732
1904
2073
2590
2383
1732
628
2834
1931
1449
2326
1750
2188
2408
548
1514
1925
2965
1856
823
2414
1731
2422
1210
948
2991
2009
309
222
1533
564
414
481
555
1586
1388
1611
113
607
1187
1548
376
597
532
2275
263
2370
493
470
1344
1759
663
1411
1523
53
1347
1203
1988
1955
537
2059
2770
2566
1185
576
825
1503
2645
2335
2269
2378
2902
1448
2476
1756
212
2402
2548
2080
561
281
585
2102
2167
1300
259
2286
913
2831
2032
2789
683
1132
578
598
9
2976
251
1150
770
1957
1899
2635
1331
551
1901
124
2431
2925
427
440
2899
2130
1522
2885
2196
2788
2541
2296
2132
148
621
1350
349
2828
2975
1516
1659
1468
1588
2285
1679
2471
1540
748
111
2061
1080
2735
713
2216
1630
2128
2756
1605
789
486
1473
658
469
2272
428
1366
1058
900
1281
1459
2209
137
2632
1589
1748
2964
1349
2607
1847
1593
2233
1487
1796
1963
828
2328
1370
1380
1744
2974
618
1562
1219
1014
2199
216
1964
676
844
1712
424
2058
2558
995
1101
781
2140
1390
2505
210
458
2772
836
2228
2400
2318
2705
2034
1043
2881
1654
1527
1644
2633
1330
652
356
2855
2677
185
2350
1194
385
2656
2713
72
2015
1723
1638
622
2274
993
67
1156
397
1328
544
2041
1039
569
1381
2670
310
1884
20
2187
504
1776
83
320
1803
2165
2426
1787
556
2535
247
2226
1994
2764
797
333
2375
741
1251
2444
1956
41
821
2941
2552
1736
1342
2284
2464
2496
776
1504
1435
2642
2597
1608
1529
296
364
2241
699
2098
674
475
187
169
1321
2572
843
932
1256
924
211
2989
2240
488
571
2024
2521
104
868
2479
128
1763
88
1670
419
2529
2156
2082
645
1469
2116
1429
826
2507
2842
301
2358
1779
1680
2935
1649
1858
2694
2038
1647
1217
58
811
2087
2661
2933
1572
278
2846
2147
754
1997
954
2646
1407
1831
100
2692
22
812
1853
595
2759
32
2708
459
1724
1629
2506
773
1301
2753
2725
1852
2235
453
1752
1188
2522
2963
279
1160
1681
550
388
1086
2057
246
784
2894
538
981
324
1190
2348
2873
2170
1420
2762
1891
1825
1073
2598
3000
589
2711
783
2571
288
447
858
2473
1214
140
2562
119
1104
26
2117
1109
2850
2723
2111
1277
1840
2086
1995
1864
1273
2793
575
2916
2758
2768
2467
2236
1980
524
2005
2990
1206
268
1719
586
591
2248
1859
1027
2239
2993
2749
503
2561
161
998
2546
1417
2877
118
1247
737
922
87
2539
2630
1821
65
684
2294
2144
931
942
877
1551
2212
1011
1819
1866
1769
712
2143
1757
2445
275
2513
2564
976
1015
1177
369
875
142
841
1304
840
1920
418
1827
882
223
831
2324
1168
951
979
1521
661
1546
2653
2742
2675
716
1804
1653
2714
2555
540
329
1382
123
1408
2382
760
2634
2998
2105
2135
978
857
1580
2173
432
567
2560
1437
2567
903
1036
1648
1663
2262
2804
2891
2033
121
2031
457
1341
384
2008
2430
1133
2075
1067
2474
972
1902
354
1976
1024
1157
375
791
513
1710
2124
150
136
655
2765
920
1658
1691
2185
1693
1278
2576
1488
708
2936
626
1213
2569
1455
1111
539
1313
2679
894
1505
2133
2060
79
390
284
752
2911
1500
2160
1542
220
1877
2957
1566
370
869
2174
1720
386
2869
23
1554
2443
2197
1136
2608
2371
1765
1690
2600
587
2137
2773
2398
444
1057
2666
2396
402
2218
415
2624
753
623
786
582
2359
1114
1948
800
1885
1552
2108
1595
2594
1000
615
21
1722
480
1425
2151
2921
980
303
1079
988
2994
468
2797
73
2704
1265
883
2857
7
2142
51
2311
1183
1782
2162
2943
1990
103
1818
2373
1318
872
204
1088
648
2638
2131
2676
2217
2227
2428
1237
2959
1694
91
1883
563
1137
274
991
1218
2883
2886
1908
1909
1970
55
1047
1077
334
861
763
1888
886
1312
2817
2611
1186
2657
229
1115
617
2270
430
332
2319
2164
2815
2280
2775
609
395
2243
287
241
1223
1172
1357
443
500
507
1038
2090
2631
2882
36
2769
389
48
2807
2320
1816
2979
2204
1117
383
95
422
1125
2134
696
1051
1222
846
2550
2345
442
525
2230
845
1179
2858
1345
2049
531
2739
842
923
1916
126
2580
2251
1397
795
127
643
1231
2048
2700
1556
2492
2851
2099
195
1255
1037
2183
1510
2904
2018
761
2761
312
1824
78
75
1828
939
1755
1903
1512
1013
901
1758
809
735
2044
964
955
387
2499
1128
198
1207
491
2423
2610
394
363
934
2354
1928
657
1993
2339
1646
808
409
1965
1581
1131
1211
627
1810
1778
1489
2276
1612
27
2334
270
1614
2960
1640
1145
945
1918
2452
1346
2219
2781
1713
2879
940
862
2726
656
2122
467
1173
1700
2777
1545
1092
325
2683
2004
2220
1322
1972
1938
1453
1181
2213
2950
68
907
573
2139
785
1165
1362
502
2709
2922
2806
2712
1220
2973
2456
1624
1119
1652
2897
207
1233
1248
2938
1386
529
2208
2195
406
69
750
672
715
2863
2406
1783
205
2718
439
1878
2671
2849
1718
405
1982
2696
2246
293
158
1645
925
1684
1582
2138
2519
649
2085
472
1802
2413
46
282
1985
2951
864
1590
139
2814
434
2480
593
1610
2992
1470
2853
1224
2802
917
2325
757
1868
1398
1082
2836
1254
1838
231
1822
2689
1433
1558
2263
2104
109
2811
2525
2179
1118
871
2743
313
374
316
1246
2502
2531
1055
1472
1308
580
1772
2820
1338
1326
1520
362
1124
2647
2988
2369
1021
1103
1360
456
341
2771
201
1129
260
1917
2182
2234
744
11
339
1570
952
2667
1476
182
650
2315
721
438
2372
2827
149
2172
1919
514
2818
830
1142
2697
613
1303
1839
1767
1076
2907
2905
518
1531
2737
1636
693
2010
1591
1441
345
2939
511
1373
1290
881
2786
170
1887
1618
888
2995
2648
61
606
437
1705
1286
2655
327
1042
256
215
314
331
1966
2734
166
1402
2636
1394
746
379
2537
599
2297
2089
1066
2940
1257
1701
799
2554
1164
1191
1773
1171
2224
1085
1961
186
1826
2495
2629
454
1655
299
710
2785
1940
3
824
2466
1335
2929
2293
1158
1413
1798
1201
404
1428
1078
1971
1017
2459
145
2565
1607
1665
2954
912
1002
2748
1553
2447
1945
152
1343
1517
2341
689
1975
1242
2250
431
2478
702
2190
248
688
411
1018
584
610
179
143
1440
2193
2291
2119
1941
1834
2457
2006
156
1761
790
1735
66
1285
426
1155
2047
2981
2260
2664
2812
1228
1263
2303
2180
740
2805
1851
1875
2563
1306
2376
711
2508
1569
2823
2305
878
1294
471
1302
1594
2231
2424
983
2579
19
977
1726
2728
588
2890
174
35
1258
2868
2498
1801
1348
315
1205
1688
2343
546
1753
344
810
1790
97
904
704
1583
1672
2321
1274
63
2377
1587
28
92
2223
1651
1452
163
2483
2120
2987
1781
1280
1567
2767
2317
322
743
1498
547
2455
1725
986
264
1632
733
2854
479
1454
1937
2745
138
2256
2109
84
1192
1797
2307
2577
2980
2379
1069
38
2967
1603
89
1584
1034
919
1426
1324
1983
2390
1685
2171
1
151
1415
144
1762
501
2801
2837
2026
230
2432
2639
2944
957
417
1631
2589
338
1743
366
2091
286
1001
2093
1391
2153
1844
963
508
557
1733
1932
1364
659
180
2752
436
865
1534
2923
130
1650
116
188
1892
709
2584
1307
1692
2643
1272
594
98
1897
85
1501
2337
2652
1317
2012
2347
2750
2331
2918
1269
2533
2681
2702
1385
930
2121
2617
1754
2202
2660
2961
1184
1353
2418
679
2420
1029
2036
1789
1405
1530
2013
466
1592
2259
1064
1547
1673
1511
2279
2411
1215
717
1406
835
326
2744
2064
2559
2524
292
700
209
1515
1606
1419
393
2809
738
1729
1978
2266
1110
484
2264
1850
2544
1090
2665
982
2668
2593
792
2176
2774
2050
191
2746
909
608
1482
2017
2021
1264
267
228
2076
577
1471
634
62
2783
536
817
1372
1325
2055
1602
601
1436
2847
897
1025
2687
2490
1848
2780
2946
258
1911
2917
1936
2833
2336
1009
134
2097
685
1112
2690
2703
523
769
1403
1830
1683
311
604
1502
272
420
2113
1392
1259
1969
49
1180
1311
2791
197
2912
2163
1499
1898
64
2484
906
558
2482
1412
2685
307
2736
1862
2186
819
2523
2125
2651
1041
1480
271
371
306
668
1823
2919
2816
1072
1942
2581
2040
1746
31
200
1464
1774
2751
2416
302
1174
2238
2029
1929
2148
2545
1336
566
115
2392
2136
1093
1800
37
1786
1538
2295
921
117
1466
2695
2488
2161
2903
885
54
2106
2663
2092
1987
2732
671
666
2956
1808
1486
2257
2985
1200
2889
2323
1107
727
2796
2477
1686
1662
165
680
2261
1421
616
147
570
2628
2022
1305
2794
2244
1573
1785
253
2066
1626
57
1442
970
1359
173
1399
2509
2860
1740
646
252
2053
1959
351
412
1178
184
2096
2083
1760
1833
1707
805
1537
1162
280
202
399
2154
574
189
2437
936
2637
1943
1071
2019
968
234
2878
13
2691
1260
2404
2363
2875
1161
114
2595
221
1003
407
1363
2071
1597
1536
2970
2906
2778
960
131
1881
1479
464
941
1384
1209
1669
681
1962
2729
515
2301
675
974
474
244
1814
2609