2551
277
3362
2646
6861
3154
652
4399
4215
2046
4766
4931
6380
5108
6119
5831
3448
5148
4849
4659
1368
4115
3310
855
3112
477
6449
6712
4361
5672
6309
4568
3514
95
6233
6814
6628
5006
2202
6700
1557
2053
1877
2547
2779
3927
530
2699
4841
4883
3683
4057
81
1358
1833
3243
4427
4845
4187
666
1753
3572
942
6465
4657
966
4560
627
6436
6589
2637
6592
2673
541
3417
566
2892
6058
3630
2218
1935
6789
6383
5207
1835
5090
4856
5551
5606
2940
926
5174
1505
5629
3606
3974
5471
6473
1671
1836
3037
3752
6798
5930
5405
2048
5486
2916
1819
5547
98
6758
1178
2142
5155
1273
2212
1364
1787
5388
3034
1041
1604
2899
2108
6191
411
5574
4645
5691
5500
5944
2054
5788
3782
3452
2941
12
2464
3741
6935
2149
6655
1175
3847
1402
5682
5030
2715
2305
2797
4624
3842
6964
2483
2353
4945
4836
5023
2724
3149
1939
3772
2908
2126
5627
4503
3450
3203
3421
314
77
3451
5100
3019
481
3160
1922
254
5266
49
4079
862
4416
1879
6024
5750
5183
3824
1122
543
2248
5728
2505
61
2286
4984
6941
2576
26
2580
5134
2040
2011
667
2919
1598
5956
2144
3347
3476
5705
3567
4074
4717
6007
3508
1896
1960
5164
3677
4542
1172
4254
2445
5238
1385
3050
5652
6431
4770
3075
3688
2031
3305
6175
3794
4957
3799
6239
1772
6241
4034
6613
5447
3032
5001
6719
2774
844
3761
3957
5845
6901
1247
125
3943
5397
5255
2983
1034
3934
1292
2473
609
5233
5129
215
6812
4490
6381
5152
6280
4415
4790
4933
1718
2745
3899
1740
5562
865
3437
3913
808
758
5842
5398
1948
1135
3516
3233
1619
2049
37
3114
930
391
569
6335
1675
2836
2738
4052
772
1054
5633
1479
3312
943
5007
1349
3480
6662
5585
2978
1785
2259
2607
3441
5748
3970
4137
4852
3245
2077
715
6594
5016
112
3126
352
3426
6040
2213
5679
6752
2912
6016
6374
3563
603
5369
4862
6444
1002
3377
6199
4006
3882
3985
2588
5359
3768
22
4529
4530
3923
4666
875
1371
3624
4699
4745
940
3652
5067
4317
660
5144
3978
1274
6792
170
2447
2117
2825
3418
289
5029
4533
4889
2076
4686
2157
1283
1404
6167
4693
6244
1478
553
6052
6689
6956
6791
5690
3515
1713
1998
2823
407
3868
5538
1393
72
3609
1359
4788
4679
1424
5876
5466
5421
5116
3992
1799
5201
6704
910
2663
1895
1644
1690
5955
5694
3551
2843
6639
324
5796
3279
472
4591
2622
591
2352
3574
4570
1258
1190
2670
697
3373
1340
6556
3400
747
2810
5877
6385
1706
4143
1578
1342
5531
5344
2613
6353
2478
3706
3168
6486
3936
3672
2758
321
2518
1498
5971
5713
497
4119
4620
3760
5872
3932
1387
3728
2456
5861
260
6595
4154
2392
1332
5209
785
3589
6170
4976
798
1883
5663
2863
5704
2159
6692
4485
1382
2199
4249
4157
5024
209
5414
2275
4374
27
4438
1852
3859
1295
6450
1953
4178
1361
4726
4023
1486
6618
1826
6965
74
1460
3464
5597
3086
2599
5448
6748
4407
1288
1508
2759
551
3746
5124
5450
1541
4765
2084
1405
2592
5856
2856
4446
2587
2399
6866
5123
5361
3472
4606
4637
1803
533
190
1794
3318
1576
4200
831
3638
6504
2534
825
4408
2283
3102
700
6424
4176
6181
2539
6430
6928
3342
1849
4664
874
3644
2474
2440
9
6904
453
1933
5276
821
2678
154
4708
3861
6095
2559
4248
3719
256
6037
6341
6245
3411
4832
2826
999
797
478
951
259
4662
5104
829
3381
1185
3463
2237
2527
5248
1552
2413
6697
4748
1025
4443
6850
5850
810
3348
4382
5341
576
1110
3197
5212
2850
5136
5449
2321
6305
3477
4628
421
4305
920
3433
2062
5408
1033
1014
873
96
2290
5906
1373
3431
6806
3134
249
1141
4617
1416
817
2999
5496
5127
2615
6475
1454
6889
2279
602
1897
5135
2495
6121
3246
3401
5958
3660
1119
5311
6699
6196
4141
6163
2070
1560
5833
3518
852
2035
5952
2488
4656
2152
3977
6937
4256
4169
2963
5014
220
4489
2280
1867
432
5754
1806
463
3675
1890
6015
6782
1603
5634
3258
6678
5591
1696
2219
4320
2158
6579
482
4806
3616
5941
5366
3257
4219
4183
3328
4990
2162
745
2619
3331
1310
6652
5075
2345
6953
3497
3187
2018
3453
2
755
2371
222
1289
2604
1428
6831
6895
2341
2581
431
6410
5033
3036
4387
5444
6825
1187
3878
3003
5942
4479
2402
2310
2133
3138
1596
2543
1946
5425
3918
5464
140
5522
3051
6375
3565
2569
494
1042
1228
2200
6633
1730
4760
6708
3059
3080
5520
5122
4878
578
2647
2535
3322
4118
4306
915
5967
6188
830
4480
3527
3615
3695
1331
2654
6803
4743
3193
4506
2618
5608
4648
4535
1971
6987
3061
5078
3323
1353
5261
6902
2385
1157
4491
6150
4173
4492
841
995
3390
2517
6238
1047
4250
826
3988
853
1140
4410
2690
2080
4336
4988
3000
4586
2450
5678
2347
6538
4351
4165
6807
634
5084
2895
3170
4094
202
1518
6204
4228
4304
5063
278
2889
6435
4808
1952
1409
6525
5578
718
3405
3707
4450
3267
815
4935
178
3805
6162
2254
2197
962
6113
3908
527
1565
1243
2821
395
2833
2997
629
4899
1472
218
1815
3301
3709
1127
4167
3756
4710
760
6609
6308
2319
674
5351
3874
417
4397
4519
784
370
2988
1437
473
3424
1092
1667
4700
2264
1267
4787
1888
2002
3834
1887
2989
2658
1722
1687
5642
90
1028
3647
5277
677
6157
5012
59
6334
374
2490
5333
5301
6286
4003
6581
6054
2612
1926
4784
2043
6451
5327
4027
3617
464
4866
3698
2531
136
3129
1147
3252
5015
2731
2894
4536
4674
5111
1048
3022
4619
2160
6909
1090
250
399
6398
2990
325
1551
4509
2610
5954
3351
558
148
888
1129
3282
6123
2872
3537
234
1842
770
5304
6842
6477
1786
6541
3107
4172
4676
3663
2311
3210
3468
3341
5219
6760
3487
5756
2004
2507
4444
1222
4890
805
529
4386
6933
4618
293
6713
5929
3440
312
6364
548
6742
1558
4072
4752
3333
1211
879
5264
5980
5191
2315
4031
1022
4463
39
4470
1398
4232
5726
1527
2287
1791
5604
3374
3872
1976
3879
3560
1241
5864
475
342
6211
1268
1657
5086
3687
6347
1876
811
4986
3307
3077
4375
5535
5268
789
2489
3375
4769
5443
6790
363
3297
32
2677
549
861
6350
4993
1313
5537
2905
6401
1425
5407
4233
6292
3736
2332
2767
2192
271
404
5394
5163
290
5435
4601
6011
3259
2882
6529
5112
4082
3502
4177
583
3711
3192
6887
4794
4475
3007
2982
1125
2572
4680
2268
3483
2477
4539
4348
3397
4728
6139
4596
328
3083
5305
6300
1509
2480
3025
6359
6816
6918
1658
2101
2414
4642
694
2653
1344
5994
4453
2253
2524
2628
868
2492
4977
6278
2844
6216
1817
2582
5481
6034
5126
137
1188
6107
1217
1579
1984
3912
3959
6061
6230
5851
3770
5870
5316
6422
1545
1809
6442
440
238
4251
819
5226
3152
6267
3948
4499
6873
438
3827
2781
5545
2719
5793
3206
1868
2979
3588
366
5422
5863
6966
4807
4144
393
245
1286
2155
2915
3336
3352
1075
6934
4018
1210
1389
2476
847
1613
3749
4383
6345
2085
3659
5834
6623
1184
2709
5772
2666
4574
6510
3691
3512
2621
146
2426
206
979
5390
6974
1470
4614
10
4905
4080
4117
1263
406
4084
2088
3445
4266
1059
1507
496
2624
686
4049
3212
1731
5915
1593
5192
310
455
2860
3870
5657
181
6979
5165
2792
5933
2854
2344
5991
1972
848
5534
1993
2465
2015
5784
4621
1290
2403
2307
3523
4640
2431
51
357
2303
756
6000
5037
5436
6561
2057
4544
4721
3548
6780
5220
937
1752
5898
4469
3893
5132
5843
6297
6047
4332
6184
600
2322
4594
3881
3101
3200
1821
1672
86
1609
6910
516
1737
6227
2900
1615
4220
1015
964
4431
6396
1765
4906
5489
6562
2906
894
4690
1369
6741
1788
6564
5706
2532
4365
6434
3064
3519
4026
2707
636
1452
226
4005
3734
5816
1802
6218
5878
4565
5907
5103
802
1903
1374
6958
5962
736
3941
6597
4534
305
1513
235
913
5235
2852
2608
2595
3769
2992
354
2657
3786
4384
2221
5771
405
4424
445
3862
1931
1265
6821
6795
957
6899
4916
2148
1626
2067
6045
6626
4626
4192
2920
1735
1517
3791
4245
2269
911
4458
4208
2697
5822
5773
3079
2297
3759
3579
2220
1949
2390
4087
6114
6004
488
6522
5492
3712
3157
4194
1900
3349
6097
3983
5051
3492
4741
2794
3945
5055
828
2343
2714
284
6571
4999
1314
3271
1656
3650
224
2460
6316
4400
6388
904
4909
1742
3642
1745
4707
5988
4055
2880
6881
362
6677
5620
1898
6600
484
4608
2499
1186
1764
2972
5149
2568
889
2700
4202
1767
5656
6992
3972
1335
3014
4392
6484
5685
2584
439
5170
3042
4964
6536
2805
5889
3993
3120
2871
1088
3877
2113
5321
5286
2984
1492
956
6315
6705
1608
5065
3836
50
6448
3568
1990
6927
6950
5631
5561
3074
6050
5415
6552
3176
2650
191
3410
3215
5066
1693
3335
6583
5319
4598
866
1659
2735
2380
1099
1070
5342
217
1829
4159
948
6586
5848
812
4778
4571
1674
1712
454
3762
1600
670
3524
612
818
6938
1923
5156
183
6983
5446
6387
6852
2631
3391
392
5782
2598
2044
4783
6248
3283
3793
6880
5739
6636
6625
3162
5274
1390
3717
2063
3135
6296
6715
5669
5092
3461
6253
6462
4629
6088
5590
167
5803
4932
1743
4230
4860
1197
6471
4923
317
681
4989
1502
3954
2295
4103
3111
3251
6764
5542
923
5284
6955
2817
3739
124
6545
490
5495
5291
4616
601
2799
5813
6593
878
1208
4673
5379
4349
6512
2185
6757
6769
2770
2674
4834
3055
4826
1892
6351
3922
6731
6804
3223
1771
3815
4516
6601
4038
5199
6254
3594
6122
2834
880
1617
4739
5073
2360
2252
2139
6877
5601
3010
6680
993
4376
6917
1181
703
6251
1568
3091
2356
257
628
4569
2318
5197
3529
1421
5401
1698
4062
2334
5438
2398
6985
5659
3798
3015
93
1668
5646
2127
3876
1723
4881
2562
5346
150
2454
6467
2652
6133
3337
6012
517
377
2409
5708
4190
6932
5380
5853
4278
106
1098
5256
2634
1131
2591
4235
2100
5895
6619
792
5241
4241
4934
500
228
4653
5969
1213
872
1395
6737
4549
656
6099
1577
2482
429
117
1161
6438
1053
3020
3968
94
768
4722
4288
3849
1989
6268
3832
1341
5442
2472
3460
2292
2089
1367
5404
6001
6703
4193
4892
1920
3730
989
5951
3841
4859
6100
6801
3470
6546
2614
6986
428
5710
3830
4876
5283
5882
3493
5115
6252
3753
2034
887
633
88
1937
1754
6145
2238
4800
4922
5661
5242
3973
6258
1744
2014
68
2733
5101
6686
5315
3757
5528
801
6996
4782
2737
4238
5400
3076
4823
3256
592
4409
679
2501
5009
6320
1326
5979
171
3564
946
579
2005
1270
6103
3547
3110
4269
2713
6301
3619
1837
6078
1599
4481
2420
142
2274
2778
5302
6159
3132
4467
2583
5729
1010
5281
1725
1060
3123
2090
5753
2864
613
4335
5109
2372
6229
2434
2458
3178
6445
5910
6461
4002
728
2061
6067
3232
2009
3122
3221
356
2935
3784
2198
3803
2291
300
737
722
3292
5113
6406
5630
1548
1355
1130
3809
3481
5168
2227
23
3682
6288
4712
1665
2828
584
1800
241
6205
705
4872
5218
6311
3632
4532
3903
2373
5469
5948
6528
5932
1287
315
3633
2418
505
1691
1634
1968
4377
6755
6482
2687
2351
4109
4379
535
2669
365
6863
444
1124
3795
38
2457
5352
1451
1689
5052
1254
2910
5616
6198
6572
3093
6372
1252
982
424
2667
4687
5501
227
3804
5329
6682
6995
3608
2868
5743
4280
2386
3435
4812
3027
5840
6281
4390
1728
803
3013
6457
623
1536
3713
3118
3096
5570
1811
4391
6148
1654
4264
4037
649
719
3731
2309
5128
2098
3248
177
252
6671
4316
121
2829
6409
5488
5780
5717
4296
3661
441
544
713
5189
4948
4281
4824
6603
4811
2835
6988
3496
2783
1643
5312
2045
4333
4301
1362
3380
3737
2374
263
6373
4353
2998
5927
3919
5632
5544
1911
6046
6922
5287
6019
2214
1917
687
2337
1570
6165
1650
4625
3012
4121
6875
4013
2957
5021
5935
147
6192
6815
1260
3081
2741
900
6263
3396
2145
6260
2388
6612
3325
6366
2340
5757
4237
4746
4730
1167
6156
1084
4309
6925
5224
5491
5999
1533
6355
189
4267
207
1717
3848
4729
3844
1189
6729
2974
2509
1810
6566
4081
1136
3260
4947
492
45
6897
4972
4706
1942
2010
1958
329
3910
4048
3789
4897
34
5583
2846
1214
1233
332
2381
5724
4744
2756
5905
783
3517
5151
3056
3980
66
4587
3558
3931
922
2293
3067
318
91
2693
4346
2986
1961
3264
3485
1556
5894
5146
1499
637
1872
1462
3230
6738
4050
4126
938
5091
6514
1581
6223
4850
6994
3911
4372
5945
2513
6576
3808
1587
4276
4138
2017
3469
6186
6089
118
2839
6818
2362
3871
2681
5746
1298
1797
585
5532
4036
3058
3153
2575
6585
6203
4773
2586
4355
285
6264
3697
641
4590
2051
1081
2013
2609
590
1195
2881
6681
6728
4279
5424
6523
3901
5581
6399
1146
2335
4462
655
4474
3981
2436
1755
3141
3201
5801
5035
5783
6643
5937
5670
2515
3747
5070
1481
5765
99
4943
5322
519
1039
4083
1218
6209
1759
6293
3689
790
5439
6079
4270
5059
4051
5088
163
1281
322
6540
5774
3293
6437
5137
4209
5145
6407
2874
3917
1590
1688
4714
5288
3109
3946
3597
1182
4843
4863
2312
3285
3956
4951
4043
309
4895
4816
3653
6470
6559
3961
1296
6423
6751
586
3813
1165
720
707
447
2324
6520
947
1760
4022
3991
1622
3146
3140
3571
1547
6195
6882
883
659
6453
2620
4970
6527
2739
292
2533
6295
1226
6282
3
2522
5770
709
3387
3369
6867
2016
3631
3456
4797
2411
1701
89
3884
199
5433
306
6068
3552
4875
291
5004
877
5362
2210
3388
4903
4343
521
1595
5855
6832
450
2727
4820
6635
1983
4191
2691
4324
4842
5107
5548
3581
3009
5617
4785
5292
5026
5423
6072
1176
5844
208
981
1941
5893
5130
2914
834
2558
771
1886
6942
1027
843
2638
4669
5186
6822
2672
2818
2056
6226
1475
774
5884
2955
6891
4441
5139
4939
5042
6829
198
567
3133
6610
5892
5188
3204
2110
3598
5766
3144
6511
1816
2840
5131
1625
838
4011
4457
3346
2938
5749
2664
5832
308
6340
1724
4998
186
5677
5141
2055
4786
1801
5664
4024
5897
5511
3944
564
201
3640
6980
6003
5978
4716
4894
1813
3559
412
5603
105
6310
1093
1142
1781
6669
4314
2052
6989
1962
2330
4654
1515
1778
143
1245
1586
4076
4318
3692
2239
2815
5552
4911
5767
243
4290
3673
1902
5494
2565
6621
5310
1633
1448
5525
526
6739
4522
5596
5886
5640
2635
4962
4868
1420
620
6788
2704
5736
2333
6428
1721
4927
5364
4966
5473
3778
1229
890
822
6330
3942
4524
3281
3017
1040
5931
2429
5959
2827
5211
2996
6878
4607
3775
4759
4299
6022
4319
6687
4651
3600
1734
3354
3510
3139
269
682
448
41
2780
5921
2886
3379
4088
5477
3806
2951
3866
2813
6421
2284
3667
2359
3082
2768
3656
2541
17
5243
4442
6002
5169
1805
2549
3800
1118
1024
3846
3902
507
4272
2143
2552
1203
1473
2710
978
955
339
3250
2165
5507
1540
2563
6615
3262
5790
2368
4226
6321
4821
1512
5324
1224
2244
1423
1620
2153
3856
6591
1928
3392
6134
1709
3047
4352
6111
2540
3484
1584
1306
1365
3790
6810
1967
6038
3108
593
6667
3696
2082
6732
1170
6630
4217
4045
320
6276
1200
5019
1285
824
434
1377
3904
6147
1678
5206
3219
5326
6488
787
4802
1078
2320
5655
6152
3592
4689
4520
5982
4482
239
5675
3610
6231
3478
2064
6837
3726
2140
4413
5057
1429
2030
2567
449
6665
6136
340
6724
2964
6550
1204
3356
5440
1947
1832
6071
2349
1544
4010
5208
3966
3810
4660
286
2537
4772
2993
4310
6969
4149
4510
4150
6871
4584
2470
4322
129
2338
6862
3005
3732
6294
6516
1242
1036
2519
3774
15
4231
4161
1177
2437
5819
730
6476
6859
3787
1822
2804
1074
6916
197
3225
1542
1276
4910
1201
1519
3858
2180
465
4753
717
5459
643
6565
456
5479
860
3947
4456
3714
647
2258
4092
3669
2851
3921
5926
4963
1436
3314
750
2968
1567
3708
5371
2166
2528
3287
1160
1227
2971
809
1569
5761
3364
6418
14
280
1795
3249
3883
6141
5246
3294
3085
2179
6892
1126
5689
1489
6135
3561
2211
6584
6725
572
5337
1246
4004
5504
5514
5282
5940
161
534
1825
4635
5370
2649
3277
2689
5420
2544
2514
3142
4263
4293
2442
1134
4122
3415
5564
3979
3194
5332
194
5823
6352
3855
5555
1067
953
5330
6459
5258
3031
5099
6193
1321
6354
1789
6039
1464
2451
247
179
4733
6287
6053
2577
114
1995
1710
985
839
4417
5556
1000
4116
5251
759
3208
1414
638
3533
2977
5920
5158
2122
3503
5599
2560
3482
1637
3636
2753
3057
6116
4203
1807
5777
2461
1032
6395
5213
2358
2790
5644
6683
1607
3180
4066
2701
1857
3694
5260
1782
3801
1894
3926
223
5760
5172
1026
1768
6919
3372
4588
777
5572
2907
108
4271
4780
6503
451
4328
1597
2523
368
1445
6874
3499
5445
3319
4129
1642
3290
4798
3839
2831
1065
1476
2135
4981
6912
4142
1685
4913
3986
2958
4761
1528
5759
663
5529
1874
5381
1386
2342
4268
2175
6177
4715
5565
2128
2156
1605
5356
6542
1538
1079
4592
3629
6303
1180
5526
4056
6900
6968
4952
5987
3626
5666
4132
3939
6946
5849
2720
4371
4071
5908
3758
5568
4622
2932
2037
2123
5058
6427
1008
4152
1934
905
3821
5089
3916
5227
565
211
6154
1021
5530
3958
3531
6443
3733
1562
5096
3422
5205
6030
5452
1618
3857
2550
2190
2039
721
6469
3971
5953
6283
6213
1864
2671
6271
5742
467
4597
3376
2394
5692
4718
4639
3288
4725
748
495
4827
5005
4967
651
261
2296
5625
4147
4995
1738
6452
213
6468
2641
6666
3286
3370
2354
6690
976
2776
78
2917
5695
1848
2074
5800
6125
367
182
2129
3407
5250
1044
6734
6232
6420
5785
5518
2600
6490
5576
1202
2400
6830
1068
1300
4216
743
744
4615
2208
6959
5714
1463
2808
3030
3665
1986
4647
3949
5874
6526
5868
394
699
2896
4160
6575
5875
1575
386
2078
1232
2407
2468
3639
52
3316
6027
3676
2116
994
4495
5182
598
4140
5916
6304
6456
4566
184
1360
5114
4698
3227
4958
4936
508
5349
6838
3860
338
5541
4420
3439
3191
6642
791
1490
4105
4435
3479
6855
4130
1403
2068
5269
3611
2257
3534
5858
5686
2692
4313
960
596
1103
4891
4694
2712
446
3735
258
1155
1705
6447
949
5903
1443
4508
6856
3915
4053
6865
128
327
4437
3678
2571
1262
5539
1477
626
1660
4246
2007
5087
3427
786
1697
695
3241
2684
236
6563
1629
4282
5320
1860
5924
396
5821
109
6390
2793
6624
901
4298
3489
4428
4847
4844
5003
3700
5738
6497
618
3353
2924
6261
2933
5498
4724
107
882
5584
6650
3685
688
2752
6675
219
5936
6750
2981
6408
1531
6
3186
6085
1510
988
6361
5190
1843
2645
4040
5964
3766
1572
3820
914
2289
6777
4623
6412
3196
1945
6629
2073
2546
4781
2327
6869
1636
3748
4754
401
6926
3235
4814
459
739
196
5157
3104
119
4236
3962
3724
1216
3070
4902
1750
1354
6073
2931
669
1399
4258
5573
1333
1058
3127
2150
2590
589
2170
4139
264
1240
4403
996
5497
4000
1264
1149
1379
6306
3621
6481
195
5317
3384
2137
1500
3833
489
3049
5462
5295
5648
100
5252
6189
1714
2000
2376
3043
6868
6749
4044
528
230
4488
298
6911
3498
2313
3987
2686
693
4466
2469
5592
512
3100
6733
6646
992
3151
2059
29
2970
5013
5265
2384
5651
1488
3819
3272
6314
1904
5963
1828
5662
4008
5587
156
1924
4429
2930
3740
4526
5996
2944
5428
5417
4240
3088
4303
1748
1873
3729
6172
5794
2570
5919
2124
2922
3625
6558
3265
2121
5363
6793
2802
5799
5309
814
5293
6365
3054
2820
3177
5650
2730
5374
3634
1
5852
4166
5234
2668
1006
3570
776
3406
6819
5871
4007
595
3309
2183
2751
4960
5178
5961
2020
5957
6657
5550
141
1841
4589
1959
3776
1456
5373
1315
732
5225
3116
932
6124
251
5046
326
1893
1681
3105
6389
4525
1913
1380
6515
6298
3304
1932
3965
4287
2301
1580
5802
1410
3781
2947
2232
2363
1736
4148
2878
5306
5594
5938
4265
6274
3500
2936
977
639
4528
6441
2266
581
5043
6717
704
4009
2729
6990
1411
3807
2486
6426
2096
3393
4805
6604
6761
1804
1419
3885
5902
6532
3367
4900
5510
4211
1708
3854
5336
5011
3094
6534
5769
3693
3295
5684
916
232
2837
857
2925
2328
2630
1051
1850
5645
5289
4344
6759
605
348
6698
6328
1320
1158
3596
4831
485
4704
4982
4402
6656
2516
3166
1076
4201
3459
5000
6219
4255
2092
2316
6543
6826
373
4439
5804
4547
2118
6270
4719
5228
6972
2449
1523
746
5533
6285
6984
6326
510
3181
3068
2976
4396
3710
388
2716
6185
5949
2262
5010
5017
2405
5586
5195
6153
5334
193
1793
6774
5399
2702
2215
4830
5093
2772
691
983
723
5318
689
4340
5968
5296
4210
1485
1684
4755
1064
1749
4039
4554
85
5215
1969
4828
4107
4709
2536
4412
6970
349
2235
3386
4426
1461
5347
5862
6883
2800
3124
3538
4112
1215
4471
5674
4068
5062
2471
753
4350
3705
4134
5270
2112
2566
1912
6101
1535
1094
2841
5490
3313
436
509
2655
4430
4691
974
2597
2795
4347
5431
4286
2432
3155
980
3046
3455
3239
1196
2994
3148
403
4329
3429
5184
1844
4500
4032
5517
6787
4059
4517
2695
3887
832
6063
4239
6841
5575
1965
912
1853
6215
6367
2764
2066
1284
6104
216
4610
2633
2242
6460
4631
3345
2602
3447
6547
6843
4819
5406
4776
1854
6149
6849
4019
1834
4394
4104
351
60
502
6166
1095
5673
4368
6498
5465
335
2027
5385
5744
73
3976
1994
4644
384
5805
5142
2428
1975
6513
331
1055
5153
4979
1457
5502
1370
6120
1574
4580
1774
2425
3275
433
5950
6960
5102
2542
3566
4123
1645
4537
3099
3645
5798
3655
5718
6638
1001
6776
4912
416
5595
499
806
2033
4501
2555
3409
571
5031
2463
3254
4879
67
2022
4186
4054
6637
474
4484
2114
5516
3837
1439
3263
2083
5041
6110
6709
5559
5676
1077
2299
3044
6544
1363
4559
6491
5313
1940
1814
1491
2171
5912
2921
5807
5883
2094
4433
2611
5221
970
2660
6240
55
1447
710
3018
5409
1352
2459
6670
6820
6414
2952
4737
3207
3183
4512
4188
1199
6539
5638
6349
5688
5044
273
6614
5508
1450
7000
6405
6978
6702
6608
6074
4543
4369
1431
3163
3462
3900
4670
244
6694
1766
4898
6069
4553
800
5671
1234
5624
2455
1503
820
2186
71
1400
6896
5829
6551
716
6853
102
518
6794
3654
2151
3412
6800
5285
4955
5536
6844
1238
5506
1205
2168
2261
4125
794
3743
2688
6811
153
959
5050
3914
552
2181
6796
3951
1521
4763
5549
1235
3773
6518
1773
3143
5328
6392
1251
3530
1702
5727
6997
6531
3723
246
6557
1221
779
3750
1524
2435
5731
2001
5355
6197
4370
1231
4146
5721
4401
4838
2967
967
1612
506
4113
4181
6851
1729
3414
3576
6118
599
3591
6943
6722
336
1193
556
4919
4551
807
5171
3869
2939
4940
4727
5600
6094
92
537
3897
6235
4028
3408
3765
4855
4683
4260
1796
2071
4793
4060
4975
5236
2285
1280
4418
301
3033
574
5901
116
1516
6824
4300
1661
5240
1115
3137
3940
4017
4312
2876
155
3535
4131
3454
5846
3247
4486
3269
1936
4604
4156
6425
706
4378
1191
5939
764
4308
4576
1845
5254
4234
867
6611
2913
6783
898
4227
6339
3158
1847
4213
2361
5730
5836
6495
2953
3969
1198
3291
2948
4483
2357
2785
1013
3361
1192
2226
2765
287
5723
5410
283
3298
2903
2446
4198
2141
568
276
5615
2782
1808
2462
2640
3938
4813
6744
4518
1338
5022
3296
1653
330
4792
6506
5121
1550
3340
941
1610
1154
5918
2256
304
816
6257
973
909
334
1611
6128
3613
3701
4613
5733
3542
6044
35
4337
2193
2510
4938
1669
333
3539
6070
4731
5787
2754
950
3024
6256
1484
5546
6220
5110
4127
6605
5588
6574
5974
3236
5725
6507
2798
3416
1325
5262
1467
3366
2627
2072
2439
547
2350
1223
1820
6174
1372
468
782
990
24
842
1588
1501
6394
5098
6290
1111
3818
30
6323
2120
6747
1225
6920
6492
4663
13
2740
3402
6379
1974
6318
5636
6828
6416
3635
1102
11
6716
3226
1487
3888
2302
5161
1985
6202
1037
2012
4108
726
6158
253
2814
1052
3434
166
6029
4723
2862
4627
2761
3933
2075
4634
624
4366
6940
1638
6647
1910
711
6930
1291
3237
3383
1909
4796
3658
2146
2255
1982
6857
3371
4692
1308
1011
5429
6833
2644
3317
6168
4980
3595
3175
3471
1061
337
5185
267
6466
5036
1401
4556
4511
6991
1666
6519
2877
1956
6768
4930
2104
1030
5970
5485
1907
6802
5693
4212
2329
1646
2154
5280
4321
1312
4877
1534
6653
4449
4326
5619
3270
2204
5887
4001
4818
587
5367
3216
48
3704
2377
4224
3556
4920
2375
214
2848
4949
1741
1497
3167
1376
4738
2217
4751
5426
971
343
5778
3995
6021
2750
6201
6533
5454
5795
3213
5890
3357
6645
885
1981
4857
6903
4908
796
3231
2879
5002
3975
2421
1249
3541
3889
4677
359
969
773
460
3997
4015
5275
1858
975
2036
3029
4362
3423
378
5204
4145
6905
5825
1682
1601
2365
6415
1957
466
3436
5456
4609
4685
2404
3521
6945
4605
2023
2485
6206
3106
3507
5244
5808
3359
648
731
5806
1980
5140
4222
6161
4583
550
5325
3147
162
5245
5867
2086
1302
6234
4184
523
2087
5357
742
2408
4870
5432
2109
2500
6971
6138
6587
1921
1159
3425
640
2267
6951
1623
6090
4595
5553
1963
986
1301
3145
5618
1220
2676
4041
2556
1117
5983
2481
180
936
6126
6921
2111
884
635
1627
4611
4448
3343
2191
1173
6765
5965
1582
1566
3994
2282
3587
522
6008
1253
5828
5602
402
175
2317
6017
2723
3355
6207
3929
4633
698
6672
2323
53
5637
2511
307
5513
3171
6707
2991
3217
6041
608
919
6087
1905
2205
6018
5267
5503
984
968
3506
858
3513
6262
662
2887
3224
5827
6890
935
6553
3486
4422
4572
426
5558
5758
2706
1606
6494
2161
2786
3098
3851
2201
4833
2950
5389
5747
6710
6555
2616
5847
4289
1539
846
4468
3755
1426
3853
1311
5461
5463
5259
1259
1504
6651
1818
127
58
5866
6567
5279
3006
5457
4243
1351
5997
3745
615
5117
4294
1662
1865
2589
4742
5478
4702
3045
1057
2417
899
6082
1901
6362
5395
3211
3543
480
1532
2969
4502
2812
3330
738
1663
1840
6766
303
6569
998
6745
3185
1899
4791
1162
3432
2130
2178
3702
4451
520
3229
6554
749
4095
6949
2791
6178
2093
6386
1145
6402
361
103
4047
5611
5080
5229
2923
3614
5216
1561
6913
1943
5649
5809
5523
1083
1564
6140
2847
4747
4454
1139
5360
4577
6668
5038
5812
6735
2838
16
3822
1209
185
2911
752
835
5416
4950
5307
2504
2694
928
5838
1415
1471
115
4261
295
2803
2389
4839
2383
414
511
5343
5377
793
5247
5271
6509
6382
240
76
902
2736
5143
4182
3845
4247
644
5119
5095
6530
3664
6721
1031
712
6200
3428
1862
1123
3255
5253
4557
4073
5441
6369
2564
5712
6846
44
6208
6005
1128
430
385
4075
1114
6688
1392
1422
3601
6573
4928
1930
5885
420
2525
2397
21
4214
3865
2626
5278
4555
1394
1925
5928
5181
4155
6487
3763
5751
1206
1152
2276
1630
1520
2234
4110
588
134
559
3501
611
3907
3721
65
5699
5412
696
668
5946
4971
5681
5032
84
3925
3605
2391
4869
1163
2987
3823
4944
3280
458
5977
1089
5376
3475
6773
1878
3982
135
1383
1307
3599
4552
2008
358
288
2890
4339
1530
6010
1121
382
5303
2430
3473
3785
1908
4579
5735
3365
4521
4650
1230
6250
2177
2966
5509
462
4277
6006
3643
2506
3490
4582
2224
1244
422
2725
3578
2832
6888
6967
2366
767
2946
4398
5687
389
319
3338
3817
4477
6779
5990
5138
2512
3458
1861
6947
5354
5480
6129
279
3924
316
272
4460
5869
5835
1408
1991
6714
3935
870
3906
4421
2842
2348
672
1109
645
6265
6772
4440
2884
1918
5716
2975
1761
6786
2038
3777
5418
1018
4345
3339
1100
4655
4404
702
376
5925
1442
1549
6480
3228
6627
3016
4848
5257
684
5039
5797
5976
4020
2308
151
6031
4434
1269
1677
2942
5732
4513
138
311
6663
5701
4661
545
200
3299
1812
3097
2229
5580
1435
1751
1632
2024
1056
3873
6599
3179
1628
5368
1798
1938
1692
5120
57
3549
1277
2182
5720
2401
4835
5768
918
5515
6808
1756
6033
6736
4541
3078
5467
2888
6870
3202
1417
1480
2904
2294
765
4581
2422
3509
5986
4632
2845
2479
5383
1784
2136
6676
1334
3684
3334
2973
413
1466
2530
2106
493
6137
4667
4767
3504
1880
2962
3569
3494
1434
6246
4985
1348
110
3816
2901
5859
5159
2189
2467
2902
2585
6236
233
4093
3641
6893
5339
921
2453
708
1889
274
5880
4671
3829
3562
1571
1086
3205
3703
6981
2734
5150
6973
562
4170
3573
2081
4021
210
229
4652
1950
5896
2091
5913
4158
3164
2870
5792
6590
2742
6501
5472
5273
3825
5077
4789
4373
4646
6210
1104
3536
6517
3545
3253
1069
1679
892
1987
2675
619
3764
6691
3222
4969
75
427
1381
6289
1324
4507
2243
6505
925
6718
3121
4885
2773
5966
6483
5419
281
4563
6840
54
840
3651
4861
4924
4600
5453
3446
6130
4864
4720
5934
3699
3880
2419
2249
4540
2060
1635
6105
4067
2965
158
2617
5540
6706
3648
2493
4196
1444
4323
1546
5348
1004
5582
4128
3073
2246
6404
871
4801
3771
6521
6417
3783
4649
1727
1020
3274
5413
2696
2336
3788
1915
159
3442
2659
2367
1440
1780
4327
5338
4974
3895
6376
3802
345
5125
6982
4638
225
4356
4882
6013
487
2487
1120
6083
6346
1553
3826
2788
1944
2656
1346
6086
6632
6092
594
1309
775
6762
2026
2897
1179
2325
1973
6266
6259
6879
5263
570
5079
372
3011
6730
4684
1699
6549
6661
617
6620
4545
3575
6929
6582
2503
4695
3557
6247
4926
6478
369
6723
685
6570
1830
987
6342
6146
3838
2028
6009
6269
4681
3792
6317
929
5881
2711
1449
6660
1378
491
2230
1655
5560
5579
1091
954
4965
1996
5626
1255
1144
192
2873
6948
2593
6429
3603
3327
2853
1150
3812
5068
1279
6622
2415
4180
1305
4284
5053
6332
4756
4658
6898
2578
3905
6143
5049
6598
4359
1350
62
837
3863
927
2680
4205
6809
3008
6439
3302
1506
364
3620
1875
854
3577
3173
4367
4473
6055
1143
3095
3550
3066
6578
101
2898
3522
6433
415
1303
6035
5888
5577
3937
1954
5923
6384
2891
3268
3586
275
4283
1997
6093
1112
5973
5094
5789
3779
5047
4527
4558
1955
6307
5709
690
6839
1029
4364
4273
1670
6577
1133
661
5628
6336
3238
6836
4292
5167
323
5427
2099
6360
5837
2867
2065
176
6056
5947
6348
4447
2698
4701
6109
174
678
963
5358
1016
795
1132
1823
2629
2685
5177
3996
2097
539
3604
5854
5162
5034
3382
3744
1071
6357
3814
2498
3738
4097
1005
4179
4218
1870
2748
104
6279
2949
1282
2744
3553
4997
168
1614
4550
5995
2995
2651
6781
1430
780
6631
471
97
5818
1239
1116
2021
3332
4968
3990
3474
1648
2494
5323
5960
4016
255
762
675
3467
6617
4089
5734
563
6014
6975
3716
5899
2387
3062
2270
3115
6036
515
2521
1583
757
6187
4476
1468
2784
642
2961
2760
2554
2662
2682
6368
3679
4636
769
2167
6400
3128
157
1602
5474
4465
2271
187
1914
231
7
733
4358
1275
632
724
5470
1328
3065
1554
3767
6076
6454
6249
3930
5557
536
1183
5707
3796
2553
1495
3657
1719
1827
2102
555
2661
379
483
1171
1366
3389
5487
5826
1384
1647
4225
6463
2233
4252
532
1097
1624
1138
6144
6132
6164
3131
6999
2231
6020
262
895
6026
6062
2529
139
4562
6169
6785
833
2849
1272
3360
4865
622
3028
1882
5715
6096
6356
3727
33
2985
5054
6228
4046
4171
2520
4799
4764
1406
4851
4942
3052
4705
3686
1739
2396
2642
4688
2188
4099
1494
5468
4295
881
4817
6993
1482
398
1929
6214
5203
2222
6344
3720
3690
1413
6160
557
2960
4665
4091
3021
6908
5056
2747
4921
1345
1483
4775
5981
2079
1194
46
2195
5437
6464
6848
2240
3165
1153
6500
3831
606
347
3963
6998
5154
540
435
6648
958
6343
2209
131
5375
4675
4315
160
683
4822
297
5166
3850
5045
2247
1511
2927
1096
2769
1003
4381
6403
3618
3491
3048
6876
1594
409
849
741
1839
1343
1045
2378
4342
2885
1319
524
4915
4874
4758
3266
2416
6142
3590
5623
4414
1017
5483
3525
740
380
6489
2444
6028
1664
4599
2251
6098
2300
1916
4197
1388
2956
664
5482
3680
2705
2937
3420
1250
6659
130
3087
6606
5272
804
5475
4672
3674
1585
1631
735
2277
28
5752
3092
6059
6331
4432
20
6338
6411
6907
5430
1248
4749
1621
621
2050
40
4602
754
1169
6212
1537
1237
2379
5300
4078
2382
2164
4459
4732
3244
437
204
1831
991
6644
6176
4259
1073
5817
2025
2579
5060
2934
6835
6102
6393
3242
1474
945
294
1859
6075
6413
5647
1856
1694
6763
4419
3666
4189
1652
344
610
5372
82
4538
2207
3662
701
5909
5810
2538
1496
2865
1529
6275
4285
5018
1412
3182
3681
869
766
1322
2147
2866
3864
6685
4330
1207
2131
4840
2639
5314
6291
5048
6805
1979
2928
423
3627
6329
3026
6222
4795
5097
3368
4151
665
891
353
2369
4494
5786
4478
3891
4385
4069
6944
658
5820
3607
5839
863
2273
5294
47
6277
3511
2807
173
2314
1066
4983
5239
113
4035
3526
1777
410
3218
3742
5393
5074
3505
1838
3001
5085
4445
5353
6864
3378
6753
4901
2125
4523
5387
2728
5779
5198
4206
4777
152
1166
1747
1543
2216
1212
5643
504
5200
5639
3898
4867
2606
6066
6190
63
3952
4162
5402
1775
2172
6327
1919
4846
4514
580
6602
6057
6962
4871
4455
6180
6693
907
1256
2722
4567
3156
1441
2484
5860
6858
1851
3190
4987
1266
1329
604
6914
6799
6302
5865
3546
126
1356
5914
87
1700
3234
6894
6171
1790
442
1043
5612
3089
3169
1465
4102
3395
5879
5653
2497
5176
2954
419
2006
827
5654
5722
5781
5028
1992
6654
1174
561
4199
5118
4809
282
2596
5745
6502
4668
1156
3311
1716
952
4961
2203
6064
2298
3209
6939
653
1397
1049
6771
3398
6091
5737
2859
1458
1299
1641
5299
3404
6237
630
5193
2869
1469
1318
4612
6568
1278
1881
897
31
4858
4573
2717
1063
6117
577
2288
1951
1294
3438
242
3040
2395
1977
3623
2943
5641
2526
6042
501
2763
2749
165
5814
4907
4077
5384
2263
3220
1757
418
2929
582
2475
5386
4388
1970
6106
1082
2245
3060
5607
5040
4380
3195
2241
4100
625
5210
3214
2427
1035
3583
1433
6673
3780
763
2508
6284
3184
3580
2423
4682
221
2830
350
5873
265
6740
5891
4452
3835
3722
2601
2708
4515
1769
4363
5683
3920
5020
6173
4953
2561
3004
1592
1715
6727
6634
122
6817
3324
692
1707
164
4956
4389
1988
1080
2703
3840
1164
4884
4504
3159
486
4954
1293
903
5133
2679
2339
3161
4133
6080
1640
1855
2105
2545
5217
3394
5917
469
6884
3928
3199
5593
149
6313
479
2355
4893
4065
2594
2574
302
1559
4030
1651
538
400
6324
886
5519
2448
188
997
5824
4925
3035
132
5460
6496
2861
6976
2272
4395
6377
4771
4996
3852
2410
237
19
4425
4561
2775
6474
788
1906
4311
2103
4090
4810
3419
597
514
5667
6183
5434
2206
6115
5223
2883
5083
4061
5106
2452
5160
513
6272
6679
6754
2306
6915
5173
4331
6051
859
3843
3315
397
6363
83
1863
4096
1966
1792
4548
111
1418
4168
4873
3637
546
6217
2683
387
646
4297
1113
3273
6963
6860
4496
6432
939
2806
1758
3540
3303
6720
2163
5665
2755
6616
6711
371
212
1763
5527
864
4253
5566
5900
70
6607
3585
6224
3119
355
654
6319
6834
457
6524
5194
3554
4106
3385
4185
6746
2926
1337
3671
4880
3038
2625
5815
4064
5702
1455
6032
2811
6179
3150
650
3174
4207
5613
2643
25
1776
5451
3495
5776
5196
6726
2184
5025
6243
2187
1704
5484
296
6084
1148
4779
1438
4697
3399
4275
823
1695
5082
1683
4274
79
4546
6797
6043
6954
799
1105
3602
2364
3457
1779
2959
931
3668
4564
443
5563
1007
2441
944
6649
4175
4740
6827
2491
2225
4423
3811
5904
6823
6131
906
1999
6580
2281
4994
2003
5589
3797
4070
4244
6847
1297
2762
144
2726
5975
2132
6371
3646
6770
4829
4360
1317
42
2605
6767
1639
383
6378
856
5697
2174
1783
3890
5499
6701
2875
5069
6458
4033
2173
2766
3300
381
3582
1375
4804
6775
5985
1046
2801
4153
1978
6242
1711
5403
5512
1453
4498
3649
1327
3090
80
1493
6273
3466
5998
6479
5335
1589
4593
503
3628
4436
614
3188
933
3909
5521
4896
1009
4223
6322
5554
1108
5680
6696
2370
56
6221
2424
5214
1168
2107
2732
3984
5061
5476
1964
5972
1555
498
2223
6499
4101
5775
299
5081
69
1432
5396
4815
2757
6370
4803
729
4164
0
1271
1107
36
2718
3198
4750
5392
734
5658
4837
4888
965
2945
4946
4136
6127
2557
4174
3896
476
5180
2058
2069
4406
5841
5365
3308
5391
1304
3326
5378
6886
2665
2393
5762
2632
6957
133
525
3894
6112
2496
5811
5605
4472
1339
2029
6854
1316
461
6664
3875
2789
3240
2115
4461
6885
3593
5989
5071
5064
1733
3725
961
5345
6596
4736
3023
1087
5027
18
3103
813
3344
542
3960
1866
3363
6537
725
5911
631
2443
4678
6695
3612
5621
3084
2824
3950
2858
1686
5610
2980
2746
2406
4643
560
4114
3125
1236
3072
5700
4991
1885
4853
1525
4973
6784
1884
5567
3465
4886
1563
3261
1732
2196
2721
6485
4029
169
425
2787
5382
2855
3189
2250
6923
1720
1219
876
6077
6455
4111
4120
3041
1347
3998
554
1106
4585
5614
531
4464
3532
1038
1591
1770
2134
5543
4338
4505
3892
4221
3953
5230
1050
5411
4854
1869
1446
360
5505
5008
4774
6641
6778
673
6194
4703
8
2816
2648
4058
172
4917
4497
1514
5703
5222
5297
4042
727
5493
1703
3867
3289
2326
4603
5072
4696
5571
4887
851
2466
145
4135
4341
1257
375
6391
3306
4098
3329
3886
313
781
6684
4768
671
266
6535
6813
2119
6640
657
3278
5598
6440
6548
6325
1101
5076
2819
268
4357
845
4904
4086
1072
4025
4493
4325
270
6658
972
6155
2138
6936
1846
2771
6025
4929
2438
43
4354
4578
1336
5202
6225
2236
1522
2909
3964
4204
6743
6255
5741
836
4992
5458
908
3444
5179
1261
3321
4575
5755
3718
6961
5993
4334
6060
3069
5350
5298
850
1871
4937
205
5105
778
203
5175
1891
4735
4063
3955
573
5455
3622
2346
5764
1023
2176
3751
680
3053
4914
5232
1824
452
2822
2502
5308
6081
896
1330
1459
1407
5740
5763
3443
1012
6048
2603
4405
5569
714
4291
1573
6872
5791
6560
575
5
6151
1085
6588
3967
5668
4
4124
3320
2169
751
4307
5231
5609
3544
2019
2194
470
5922
6472
917
3520
4531
3071
2260
4262
893
5943
2636
5857
761
6182
6419
3403
6299
2623
5290
2042
5187
1762
3989
5635
2796
4641
6906
3754
5331
1649
3284
3430
1676
6756
2095
6977
1062
4012
1746
6446
5984
2278
2412
4229
3828
5696
2743
1019
4014
2228
2777
341
1137
6508
4757
3999
6493
6397
3413
4242
4941
5524
123
2331
4713
1526
1927
5719
1680
4825
6023
6952
4918
248
4195
2047
4978
3117
6924
408
346
6931
4959
3358
4393
1396
1323
2041
3113
3488
4085
3039
3172
5249
1726
3350
5147
5340
390
6674
1357
924
3449
6333
2918
1151
2032
1673
120
5711
4302
3670
4163
5237
6108
934
3136
6845
4711
1616
6358
2304
4487
5992
64
4257
1427
6337
3555
6049
5698
3584
2857
3276
5830
676
2809
3130
2265
2893
616
4762
5622
2548
1391
6065
4630
3002
4411
2433
607
3063
3715
3528
5660
4734
2573