164
49
45
56
82
122
72
198
117
145
194
61
154
190
109
52
31
127
139
75
159
51
71
25
143
84
171
108
124
137
39
89
150
22
191
90
185
32
186
24
140
129
195
23
66
98
81
41
130
157
120
199
73
13
17
57
99
74
68
10
58
178
64
136
148
94
161
146
19
193
133
106
43
167
53
183
142
83
77
123
151
116
14
156
33
119
153
20
5
105
135
91
111
38
180
177
112
102
144
67
166
4
187
104
175
176
125
138
141
152
121
168
134
160
115
188
113
59
63
15
101
60
93
162
2
78
70
128
107
96
35
27
42
126
69
189
16
179
200
163
7
86
30
173
47
170
46
28
182
114
97
40
92
147
34
11
54
172
192
37
9
50
100
155
181
103
95
131
80
1
18
44
149
65
6
165
29
8
85
184
76
0
26
55
87
158
21
197
174
79
110
132
12
36
62
169
48
88
196
3