68
2863
761
1343
2274
3754
5899
5804
5492
4886
4970
4328
5166
4077
4340
5397
2672
2893
1689
4956
5617
313
5728
1925
2211
2681
2208
5751
842
1513
1405
1980
1843
1406
4913
5566
4399
5644
4531
1597
997
573
1688
4660
1287
1075
2791
4005
2163
4093
1832
511
3668
1305
1098
4874
1694
1879
3596
2640
4210
1266
837
5144
3155
4021
5654
4582
575
148
2140
1492
2361
537
4882
1958
2401
5741
3406
5359
1280
1177
4555
713
83
3875
4174
4535
384
2120
4000
829
3036
957
5927
1653
2080
4496
127
3227
2719
1683
2083
559
5325
2753
977
5775
5514
2165
1732
1669
5925
3929
4437
4306
2902
4653
1621
2193
3638
2170
2818
4249
903
1581
3871
2652
3540
5736
1104
3933
5336
2228
1198
4110
4102
190
3404
2427
549
3098
4438
2458
2876
411
4686
724
4740
5099
5473
3530
3585
1146
1662
2601
5493
5505
2449
2623
4620
1330
5582
2493
5548
4964
4966
4299
2973
3834
1548
3560
462
4466
1282
5137
2688
2454
1667
349
1017
5787
5160
731
1172
675
1180
1241
5335
5504
1602
4867
4222
2173
1775
1382
4068
3766
2244
1389
1353
273
3632
1397
1175
4360
4300
3913
2382
5405
4782
1885
4954
5923
1670
2119
3381
3394
241
229
5625
3537
25
5821
1542
4
1908
3202
5560
743
2428
5498
5460
452
4378
3232
1983
1676
3577
975
4719
3936
5248
3316
1016
2733
3041
2896
3205
3016
3889
2365
1205
2804
390
5467
3071
4670
3286
1792
2928
4188
3595
2224
5310
2702
4701
2911
846
926
4571
1711
230
3732
2561
1029
2189
3848
5086
2220
5510
5967
231
1359
4918
4840
3412
2286
378
2515
614
435
691
1153
3675
3980
1089
5698
5984
2831
4744
1201
3370
5922
4027
1866
4461
5886
5551
5851
2091
109
2352
182
4996
492
2841
3353
4014
339
205
5400
5368
2613
3123
5313
5330
3131
3831
3496
4182
1006
5093
3241
4120
4240
4872
5870
3175
233
3195
947
4967
4369
2565
5164
5430
2915
1971
19
4836
4891
3977
2316
1748
1868
5272
732
5764
911
4208
4319
2280
1298
2518
4062
3833
1064
3652
1835
1626
5635
5398
2602
4810
708
2934
3547
5251
126
5553
4951
5904
399
2380
2004
1377
1817
3322
3070
2028
4334
4678
1524
4980
1062
2760
5648
2319
232
5165
2816
4940
2618
4588
1610
2895
974
5963
1103
4627
2780
3552
1123
5199
2287
2523
310
4189
3312
1097
3551
3730
3998
3290
3448
1329
4831
1265
4587
4747
2935
95
1034
5486
3443
5456
1441
2225
1702
4247
5828
4065
1054
1374
4241
3522
2663
2870
2388
2047
695
965
3491
5295
4506
4365
4339
5111
4860
2819
904
252
4505
2912
4377
3528
5425
5793
1558
1213
3499
4263
5357
1387
436
3710
3870
4863
242
3300
3774
4106
3233
2045
4308
1704
2242
2546
3520
596
3051
2530
3587
3402
5778
3483
1599
4230
3087
442
1981
4193
5245
3972
24
3660
4078
4544
2057
3758
107
4830
3387
501
5135
2985
4778
1681
4131
1997
3931
4539
1430
396
5676
2417
5898
5299
1564
5457
5402
5434
1899
2609
4362
1187
1195
2132
3476
2451
2185
5104
1183
2851
28
2844
1107
301
2869
4911
5973
5542
5120
4293
3503
2995
5692
2598
3040
611
4137
1764
2512
3791
2725
623
562
730
3396
3189
5085
3033
5187
5386
2847
2837
5247
1428
1344
5943
1141
5920
3308
3186
3955
5057
3064
2659
2859
4018
2397
1072
651
3546
1479
5020
176
4994
4173
2667
3529
122
5233
2198
2263
4305
4400
2473
3674
3819
3755
166
5337
3760
5373
1020
2001
4327
1216
2101
5224
1429
1284
4099
971
67
5484
2989
1304
1375
1314
3289
2635
487
2126
2877
3113
4803
5776
70
4042
735
4885
3970
3734
1431
2508
431
1789
140
3292
3886
2815
2766
963
1935
1510
3117
1035
5632
275
1464
1929
1572
1525
5449
867
915
5035
3843
2749
1532
4989
2415
1769
2797
2107
2074
5418
2480
4567
581
3440
5177
3438
764
1170
1946
1516
3827
4530
5881
274
4833
1561
705
5062
875
3643
1554
1705
2644
3328
4304
1546
2488
1040
5546
5713
4295
5882
4451
2879
700
120
2882
5677
3859
4725
861
2767
1587
2266
2349
5289
2528
2431
1857
2306
2951
4016
3858
3960
5938
545
1439
2218
2038
1784
414
2285
5733
949
4179
1807
5365
3507
2400
5282
451
1927
3975
227
1037
3789
1447
3077
3742
4244
2634
2784
649
305
168
2835
1102
4413
3409
3519
266
4160
151
855
5327
5621
5706
253
3915
839
239
4735
3058
543
5326
792
3462
2203
4694
1507
5150
2443
5206
725
3237
4541
2836
3599
5380
204
1416
2677
5563
3583
4815
1528
5608
711
1270
4538
5717
5827
4202
3182
3793
3495
5226
3134
3846
2886
4355
4196
815
315
2272
4901
2509
1992
1471
3538
5540
4545
3657
3558
2949
3847
706
5288
4946
4134
3358
1197
5414
183
219
4590
2042
933
4026
5800
1943
3145
1812
3486
3002
4275
3024
5790
3019
5089
3694
982
3377
2567
2133
5757
439
801
1534
2481
4085
3465
5561
3089
892
1933
2696
4784
4797
2839
382
4490
56
4350
302
3665
3489
2176
1328
1444
1350
5200
3135
214
2792
1165
1780
458
1796
220
5157
3533
1338
5298
1324
222
5532
358
1591
637
569
1686
4416
1150
226
483
1976
1436
5494
454
4059
1240
886
3572
3282
3534
1527
5451
2821
383
2081
787
1014
1008
1607
3349
124
4637
2610
1754
5246
1923
91
3385
5836
967
264
5314
4682
5391
5097
1684
41
4783
4476
2603
5102
1722
3346
2482
5656
3048
5001
58
2801
5471
3250
1672
2156
1871
1579
1966
1354
4053
683
4171
3470
5767
5653
813
5989
942
783
5811
2557
645
2354
3787
1887
3314
2693
2371
1861
643
3631
5058
5364
4730
5779
2055
466
4152
1423
2399
2849
3153
1721
1206
5695
5017
2611
1209
502
852
3840
3260
2964
3788
3814
791
1148
4910
3114
979
152
4630
3512
3976
297
4527
3368
4917
2756
4353
4103
2758
4534
2072
684
4861
4623
3386
481
4273
2795
4282
125
1004
3303
3612
457
3701
5888
918
4164
1695
4548
5507
133
863
309
1804
2903
5688
5734
5210
4798
2597
816
467
3925
4850
5784
445
4326
1467
5742
3102
5350
968
485
1543
2751
5571
576
2665
5116
2229
4056
1295
3979
834
807
5731
1398
1283
155
5833
4592
4834
679
1440
1774
3777
115
1692
3341
3192
1031
1531
4125
3553
5461
1403
657
5587
4995
3601
1157
1039
4380
3274
161
1078
2977
3890
3273
132
49
4699
5303
3411
4960
2084
5852
3974
5060
1823
4769
2701
5087
3367
450
2295
4898
5672
5668
3630
4228
655
1740
4410
3090
261
4403
3249
4363
4961
3626
3229
4135
5983
2639
5712
1860
5043
3542
1936
1190
2079
201
1061
3043
3207
5903
1716
13
1317
4204
1845
1144
1127
3821
5528
278
4854
3052
5133
3567
1163
1028
5072
1960
4927
2861
4849
3959
4213
5497
5558
938
2560
5872
5260
5153
1803
3360
4651
4502
1323
572
5570
360
3677
1836
1978
3897
342
515
1120
4291
2642
835
3613
5049
1800
2873
2504
2179
4510
4859
1246
3571
3667
4063
76
5752
1693
2768
1215
5992
2407
2712
4820
3417
4536
4606
3927
5254
4336
5977
3263
3762
2974
2087
5182
343
5627
722
4819
1251
2582
3167
5106
5274
257
556
3455
5515
5070
5979
3591
3869
4866
2585
2355
5919
2060
3348
650
3309
75
3956
3952
1627
2337
1574
2638
2050
2544
508
4944
579
3837
5047
5583
3941
5906
1679
89
564
586
5516
5344
1538
2806
136
1699
4255
4012
5714
3469
293
3628
5769
4827
2425
3494
4739
5820
4972
3467
4285
2096
5286
1223
3332
3112
4793
539
1130
366
4491
4540
3364
1703
2174
4880
910
5452
2552
1257
1252
529
4741
2569
4256
5959
2564
1567
3556
480
1044
2620
1664
3662
2711
2948
4140
2130
2215
178
5389
1409
1302
3511
1445
4432
5792
2588
2718
1956
4542
4116
5158
5892
553
1720
3725
2617
1846
2621
4115
356
1959
3190
4568
2622
5599
1821
3187
96
4051
5972
3053
1649
995
3032
754
814
5319
2697
3510
4985
3136
601
2085
2036
4596
5438
946
4401
4092
4261
1556
5003
5908
2058
4771
4165
335
578
5651
5826
546
1541
162
5791
3878
1155
3946
5947
1942
2495
2573
1651
405
3362
891
2492
1924
4239
3083
1161
1458
1372
4712
3943
3876
5232
5349
1975
4028
5743
817
1719
3054
2340
4280
4953
2384
2595
3393
5403
3276
4087
4067
2855
5702
2814
174
2217
5580
3371
5735
408
930
4357
5996
5529
1242
372
3345
1881
1865
2817
5127
1024
2059
206
2874
1926
5159
2239
5861
858
1112
934
4736
3535
3764
3294
5783
1027
600
923
3342
2303
2037
5027
1622
394
5612
3610
2230
5817
5352
2152
2726
4017
1124
4325
3629
22
896
3639
3211
5185
2339
5534
3485
3488
1176
5361
1012
426
5655
2909
3681
2927
1424
3776
1665
680
5217
689
180
34
5525
1119
1878
889
3307
5834
5406
4248
3692
3654
0
4926
5148
5763
2375
1757
5173
2931
5018
5103
826
1459
2139
294
4601
5950
5944
2736
1654
4973
3128
355
2088
4354
2759
1677
2289
1963
2604
3688
1291
5956
3902
2009
1455
5929
4780
246
268
3739
4074
2905
1480
5567
849
517
4645
3527
2967
170
1184
5266
406
1385
5912
172
1777
3239
5889
5076
4742
3699
1395
4035
1786
5369
4139
2673
3209
5355
1053
179
2309
617
3177
991
1988
3088
920
2015
2717
1514
3727
4454
526
2738
5378
4883
3808
3671
2922
3225
4934
5186
4672
4493
703
841
5782
4893
1876
4211
5682
3839
2124
3093
606
3020
4207
1413
866
4644
4718
876
4172
5603
1217
5838
1126
3770
3399
376
4546
2777
455
897
3338
4129
2151
4089
1191
3866
5738
1952
326
1551
469
5847
4266
4978
3156
5223
2669
2131
5280
3796
3740
71
429
1772
542
2118
3579
4405
1912
85
1576
4415
746
1315
4722
1895
4822
690
5584
5130
3299
5877
3683
981
3238
260
1636
3981
473
3957
2298
4436
398
192
5163
591
658
131
628
4533
4422
2330
2962
69
1580
5585
3392
1680
3255
1855
844
5970
250
966
3885
1063
4002
5708
1596
1362
3096
696
3466
1437
369
3590
2014
5008
4472
381
4895
5090
2656
123
4412
1972
4668
952
3598
4286
1316
3642
3008
4900
2684
1907
3034
5198
5063
5723
2324
59
2464
5343
1355
2325
516
5905
1446
3160
4409
3278
3397
4615
771
114
2709
3500
5385
5879
2906
3183
4643
4965
3928
5921
3185
3057
2827
2971
2226
446
5652
4905
2252
5637
3815
1292
3633
323
4181
881
4477
3947
5443
5961
5846
5876
3731
4322
5916
4079
228
3222
3390
4511
4941
2070
3268
609
1850
4311
3434
770
1794
29
3327
225
417
2946
3944
1882
2049
832
2743
5257
106
482
2391
46
5806
1498
1955
4298
3937
3575
2867
2559
2983
1739
5176
3265
513
4619
4848
1590
4142
1726
5535
1101
3086
2810
1746
2276
4478
4166
4010
3435
1185
1050
4684
1996
2548
94
5464
3201
678
2998
1851
4852
5339
2723
2950
3000
1750
4430
4999
3893
5442
5152
1259
5697
503
4514
2351
5082
3844
1435
3823
864
199
84
5565
4950
4806
5079
1411
5465
5101
1309
60
1173
2968
341
2067
941
3084
2988
4307
2328
2332
3877
4832
129
2577
1339
1733
2808
1033
4113
2434
1500
1533
4802
2086
3611
2600
1196
1139
4906
138
4695
3826
2437
2954
1207
4474
5258
4128
5686
3693
1742
677
1380
329
3920
4522
5156
352
3588
4238
4107
3458
2099
2578
1082
856
61
4661
5320
5136
5995
2920
3045
2555
1615
5858
1404
4105
488
4347
2412
5147
820
3909
5729
5577
2463
2850
1182
4170
2155
547
1518
5292
5341
2728
5638
37
2761
5239
4512
479
5658
1847
4598
4683
4367
245
4635
2731
3359
4981
5146
506
4246
5824
5941
5302
3648
4826
625
4346
3206
3031
2774
276
1088
277
3868
3378
3812
2633
5506
416
1756
3095
5765
5748
5547
3517
5041
3881
1288
1226
3363
2590
1565
5172
1221
3722
3161
2368
3267
3012
5412
3784
328
2275
3221
4283
5766
5895
3939
4084
272
2958
2360
73
4576
4329
4495
1575
4041
1179
2691
505
5519
353
1244
5196
5145
2675
624
5496
2630
5647
1634
464
4462
4817
3139
169
2065
444
4993
1808
777
5592
1475
2781
660
3541
2534
5459
785
3252
295
1346
4030
4749
1277
2615
5934
640
2077
216
1902
4687
3275
2917
5269
5155
5191
838
2558
1700
4463
950
940
4097
1841
3030
987
3235
1655
4086
4728
699
4932
1511
5777
5641
2820
158
1094
2901
973
1604
667
2662
42
4655
4343
2483
895
4402
5642
1783
373
3988
3124
3756
1384
5045
1286
44
2716
1128
4049
4194
2109
3152
1466
3691
5974
3168
4209
3244
3772
2108
4121
5860
2720
2671
3174
3680
4480
4276
1396
1386
1271
3104
3416
5500
3297
4004
4915
5038
4055
4721
118
4434
848
604
812
4421
538
2547
3073
2692
5650
2164
4750
2970
4126
2980
2884
2000
4585
130
425
5894
580
5028
4552
1737
3334
3459
1332
728
3884
990
5937
4583
1085
2750
3216
1957
5360
1892
5285
4138
1021
1502
4316
1278
317
5675
2936
2824
4465
3085
5678
3842
3783
2025
1713
962
2890
3525
3670
759
31
3009
2033
5616
1508
5216
707
3398
4457
5579
4931
3236
1263
5576
3037
2460
4118
3343
4746
2785
4130
3605
4481
4232
2075
4498
5055
4796
4752
5785
2068
4937
4473
1999
5679
3475
2291
3325
5081
2406
5215
4114
285
1940
4729
320
4456
5893
4731
4301
2594
3014
1390
1842
3987
5891
1289
2732
3679
4532
2301
2422
796
4348
5139
5509
4302
2410
3382
1494
887
186
1057
3747
1867
5482
2496
749
983
2945
3203
2570
4023
5680
2799
4870
5056
2281
3620
3993
3256
4659
636
4442
1951
4066
5353
1132
563
1433
4804
5704
1658
1269
1276
5595
2389
5171
5958
3026
5657
5788
1133
1501
7
79
4080
3765
2076
5436
3597
3199
5366
1421
4007
198
4148
5932
5626
2455
5559
5789
4671
3965
3635
5623
4366
2404
922
5203
460
924
3143
5454
1260
3418
1696
374
5946
1939
4414
346
2959
3191
475
610
998
4724
3344
3562
4252
4945
2253
3408
4957
3197
3924
3838
3570
2625
5259
3536
2255
2476
639
1275
5010
819
5100
1977
3261
2542
1641
4033
2529
2180
912
504
5935
5112
1916
1555
147
1535
1048
1826
2343
621
1370
4215
4814
794
5345
659
4073
207
2233
4046
4397
3832
622
1787
3864
4698
4427
1011
3044
1982
3809
3430
1595
26
303
5749
1872
3442
5211
5131
3271
5564
2196
2029
1840
397
4180
2312
247
327
5513
2887
5195
885
4876
4952
4715
5799
985
3856
3721
1675
5149
3811
4779
590
4224
4983
1199
734
523
5393
5948
4703
2254
1668
410
4680
4167
3457
685
1913
2048
823
1477
2913
3574
3335
4155
2865
3932
3986
5162
5502
2234
1168
1151
2395
1038
512
5900
1797
674
5304
5794
4407
4748
1941
2762
935
908
5118
3865
3181
5004
3461
387
1714
347
3851
1801
5283
1557
1203
1743
5069
4921
865
78
5064
3151
202
898
776
3690
4452
4764
4396
5291
4805
1249
3306
2776
1137
447
802
1426
1087
4459
4732
4445
2472
3895
3148
4312
1457
5716
3735
5911
1970
3493
3324
4812
1848
3121
4216
433
4968
2866
793
1515
2116
932
3603
1093
4342
157
5432
5998
3426
1453
177
5238
143
4559
2398
5822
2469
3242
1687
86
2238
5913
608
4734
1640
4003
2367
2875
319
1256
3607
1965
2278
1010
4604
2581
2125
2456
1449
5107
2986
3593
3291
2056
524
687
3317
5347
5810
1229
5420
156
5607
3421
434
2541
4738
5095
468
1493
2157
3899
1779
5796
2527
3075
2846
652
2521
3948
1313
1454
2771
4119
1601
5569
2356
3452
1932
5815
577
5701
2475
4677
2658
4977
181
5760
1110
948
2305
3999
4515
4022
3509
4132
5490
3883
1162
5134
2695
961
5109
4799
2643
613
661
263
3072
4274
1825
3565
195
5660
4636
1620
1553
1900
4419
3159
1930
763
4235
4507
5801
1691
4050
3111
615
282
1682
3373
3951
840
2624
4558
4648
729
449
2822
988
4052
2021
3405
1230
173
854
2269
288
5180
964
3982
5993
6000
3855
311
3305
1767
2347
4723
960
568
5840
4791
1520
4517
4144
404
585
5277
1068
459
3428
5427
65
3779
2606
2802
4429
1254
5687
4200
5370
4268
1306
1799
4845
5209
2146
1322
5541
2940
5181
3157
4704
2789
3778
5435
2793
113
4962
2727
1795
3873
1623
662
1781
4242
978
4024
5297
4294
627
2553
726
3025
5724
2013
2288
582
4949
5600
5512
1537
1901
167
5204
2646
324
3210
561
1069
5416
5256
3505
531
751
5537
5423
4508
3807
830
1755
4509
389
4586
2883
999
1470
4048
3752
2149
4259
3006
1052
909
2326
395
4015
2184
2636
4154
4101
4058
1460
536
5643
1657
1368
2479
4813
1164
203
774
2486
3140
4681
3684
375
5387
3548
4143
4595
2213
1392
4356
5029
3240
1987
2413
5803
2664
565
5278
4426
3954
54
2142
5841
4930
3687
2649
3761
2919
3799
5975
4609
4675
3380
3978
3321
3480
5075
5263
1307
5174
3806
2122
4136
3991
3133
237
2053
5408
3602
2150
4785
3264
5770
626
4487
5962
3379
884
4754
1122
5955
4691
1603
3836
4756
4223
1320
1671
871
2106
2044
868
1635
4127
3609
5178
3795
5123
4446
3454
860
4370
3750
1303
663
4070
494
1761
939
5661
5453
1820
3270
1046
3800
694
4639
5235
4364
21
588
5694
2378
1451
256
4492
119
3253
3194
921
3949
1522
2279
357
5887
1969
1268
1888
1224
3907
1473
3989
361
2277
1852
400
1566
1616
4290
518
5354
2447
5362
1434
3912
544
5346
2321
1921
4335
2299
2589
4709
474
550
5994
5119
3468
3141
4076
103
5193
5267
3056
821
4455
2963
2549
5758
43
3531
5381
4361
5202
4935
1788
348
3996
5538
718
5188
1267
5194
1450
3120
1081
5419
1448
2345
5401
4468
2421
4277
3361
5875
2227
5220
598
296
2587
3149
4195
2550
2237
4435
3251
4652
4349
154
4217
5031
5604
5543
3198
5771
4199
4411
3326
3094
2517
4147
4924
5511
870
913
2607
4737
2498
4376
4707
5976
3867
5727
3816
5517
4013
1001
2432
5244
3490
248
2730
2687
2580
1239
100
3091
1839
1178
5639
5620
2898
3119
1483
1782
5849
4094
5705
3805
2524
630
1076
3138
1432
5037
4770
4929
4169
5917
2302
3301
5067
5151
5012
2478
3029
5954
2966
10
1594
996
4029
4881
3331
4111
693
2571
3410
2741
4772
3853
2938
1243
4321
4873
4625
5666
3718
4393
2679
5066
953
2744
2017
4824
4251
5284
3487
1212
1944
2668
4844
5363
1785
4543
362
2786
1349
5928
2054
2448
665
648
1809
4387
3474
5659
3736
112
5161
3427
2747
1663
4203
1985
2812
5249
3284
528
929
2331
2651
2310
647
2034
4986
3645
3441
2372
2729
1096
4801
3204
363
1571
4257
1204
5818
664
3872
955
5024
2981
4907
747
4667
3296
5831
4082
5005
2682
3640
498
2943
1816
5521
1827
3336
1461
2168
2346
5469
2525
2115
2161
2629
421
2654
1585
2135
1984
3992
2093
894
3287
5664
2265
4386
1023
5074
484
4603
4811
3804
3720
3257
2241
5011
1530
1974
3042
4333
3166
3023
1125
4792
5338
2159
3678
5611
3423
3130
1192
3061
4500
1810
2864
2858
697
330
3880
5382
3994
3340
5848
567
5901
1568
496
12
4382
1979
5520
4288
4025
3953
2403
5125
1300
5544
1758
2944
1877
5407
3790
2536
3001
3176
5411
4688
931
392
4621
5750
4903
3773
3561
3543
478
2713
3619
5969
1462
5940
2783
5896
280
951
2811
2545
4892
102
163
748
4654
2834
1015
3854
3781
5693
1710
788
2012
4178
5809
4888
2947
5931
377
5333
5624
599
3272
2257
1410
5730
3280
3288
1648
2800
3938
3445
3526
4912
2019
2394
3713
4908
1738
1918
769
4234
5421
1208
2740
646
1920
4417
1108
5968
3413
2199
2387
4710
5825
1321
1600
2183
196
1647
1763
3062
105
4657
4640
4762
2210
3172
879
2232
1422
3963
1296
992
308
5667
2214
5015
4379
5036
5305
2194
187
5601
1465
4467
2314
2965
3217
4608
2039
141
767
2694
1873
279
5557
5219
1379
2282
3021
1273
2514
1030
5428
5987
3226
1563
283
2685
209
88
2235
4759
3015
3060
3829
5084
4177
437
3845
1158
2112
3578
145
403
1060
221
1342
2294
2772
5466
2916
1294
4705
3504
5865
2551
3027
4124
35
4825
2405
461
3910
698
1624
1870
1469
153
289
3078
4006
2041
5032
3170
188
5867
82
5605
2342
3945
3129
917
4150
4884
1400
927
224
2556
2899
5462
5574
3888
5665
2409
2182
337
2757
4489
1638
688
3968
3751
2680
2993
2930
5696
2923
497
4488
574
5754
5212
739
1218
3624
1875
5554
3429
878
5720
4743
3584
2300
753
1381
1905
3828
3115
270
495
234
862
66
3082
4220
4108
2010
5499
2402
1214
1399
3179
797
5722
5910
733
1000
3651
1427
4183
5276
2881
3623
5227
5061
4525
3158
3354
4800
1065
3293
1656
2616
2082
1188
2078
2154
509
3663
4864
3964
5059
943
1552
919
189
3502
1202
3896
5410
5470
5578
81
1611
2260
5328
5039
5228
4982
1378
2471
2408
322
4060
3818
1351
380
3395
1637
5417
321
350
5530
1904
2
5719
4081
3065
4656
5241
1628
3780
1919
4745
805
3164
1741
936
5154
1376
1253
38
5618
5201
463
2657
3388
2520
5117
5740
2094
4464
4610
2018
1345
5376
4146
768
5002
2264
3723
4975
388
3081
5774
1578
2770
3310
1080
1227
5645
486
4450
3715
2845
4258
4447
1326
5404
5268
4458
3224
1814
3666
5726
3792
1420
4310
62
5448
3171
344
4612
3132
4613
3650
2535
2315
2513
5756
1118
5960
3419
1341
3817
551
2236
641
2952
1915
3918
3930
666
4428
3900
3521
2411
5270
2742
5753
944
5980
1830
1849
4265
2605
5042
5301
2628
5685
592
3898
1569
653
1659
4071
385
5949
149
4765
5271
2972
370
3366
3184
686
5019
3069
4574
4594
5829
4713
412
4219
1235
265
2444
827
1383
4225
4279
2803
5485
3707
4887
1512
714
4925
47
5022
4632
2596
4372
438
33
3580
1357
5939
5279
1331
4057
619
5221
3582
2027
3903
427
5890
1937
5550
4037
386
1491
5372
5446
3935
262
5218
3446
300
3825
4267
2708
3127
5399
4201
5526
1228
1225
2223
5126
3726
1745
291
2452
1365
5907
2957
2465
292
3231
325
597
3259
3047
1181
18
1361
4497
4218
2369
5458
2500
635
1862
3281
1245
530
1967
2724
3768
5433
2160
1652
2511
2366
4846
4296
5781
2848
4716
1643
2721
5707
893
2334
4338
4808
271
2984
422
334
5323
2419
2860
5439
4444
4344
5614
4485
811
208
3695
4547
1765
2290
4569
710
3753
1753
3887
2457
5016
5048
4839
1121
2690
5478
4281
3498
5234
880
3656
4313
314
2143
11
4663
5026
2754
2327
3473
1526
5640
4711
1281
3712
2997
4556
3492
312
4176
1886
2979
258
1140
853
540
857
1334
4607
2311
5662
2197
1247
4520
704
1815
5388
2204
3820
2699
4337
5342
3729
618
2089
4650
5409
2775
364
2838
2128
5897
3594
2507
1026
5025
1954
2381
287
1394
2134
2167
3352
1219
4032
5014
142
1402
2147
1131
3234
2678
2436
4320
4851
3049
4047
571
2748
2348
3835
2735
5562
4408
1489
3606
4523
969
5068
2249
5197
1529
1258
2335
4284
2245
1583
1806
1071
3147
1042
1408
3097
4162
2104
4991
5114
773
1248
4869
4868
3749
4227
5275
5866
2787
5073
2494
5683
5572
1661
413
3109
1200
3649
3212
1279
2563
244
5250
3506
1947
5240
3277
1729
150
3550
4471
2423
3874
3995
1210
5264
30
5030
2023
456
986
3673
5395
5999
3208
3074
3007
1560
2362
1707
5413
3775
2470
715
3339
4853
1236
3059
1117
2489
3163
5334
3311
3518
3472
1045
4449
4484
4823
2258
3659
782
3481
4878
737
1109
2191
3055
3436
1438
2385
1608
4043
5933
4790
4662
2186
5985
197
5142
5179
4562
3196
5294
5437
2955
1100
193
2418
1642
4890
2450
2889
4482
354
4560
3497
799
3689
5808
2900
1234
1791
1018
430
5129
290
2593
4616
2880
5023
3066
2202
5545
304
3144
1499
784
1898
1573
4431
4149
872
146
5725
32
3973
4971
514
5952
741
1485
175
3376
4287
527
2474
3969
4269
470
218
5356
1134
1897
1666
2095
1238
945
3355
4448
139
2647
1077
593
3743
3661
2414
2178
55
2586
4617
2778
5965
780
5265
4561
3283
5092
367
5807
3337
4001
1318
2703
4690
5552
443
5431
1760
720
1766
5351
2440
1744
2491
3010
5501
970
5880
3230
3215
2100
634
3997
3782
2991
165
5823
1728
818
5691
3621
5575
5597
5986
1285
3717
4676
1735
5255
4998
3108
1697
2975
4141
4788
5997
4297
4518
1831
2583
902
2765
5573
5533
907
2641
5747
2925
2676
4192
3824
5262
2317
1768
2216
316
53
1650
2531
2329
850
3374
877
2829
3004
5329
415
3706
74
4865
5945
2532
5982
4679
2320
1725
4649
3685
63
620
2247
5924
1495
2579
2110
4264
5050
5077
3822
1496
134
4406
4565
4787
2976
4315
3451
3794
4976
5523
2209
1517
4879
3923
1858
4330
3863
5586
2304
3532
3549
560
3961
5709
2177
2584
1143
4433
5853
5981
1778
4777
4375
4992
259
4899
428
4807
4628
3118
64
5300
4091
3658
4753
5290
57
2612
1592
1129
171
2653
2924
1625
4229
1055
2261
1709
1914
2941
3479
5850
5649
744
3383
4054
1036
2773
1706
1452
2201
3636
2207
5078
3738
882
5374
4516
956
4631
2897
5797
5307
281
654
1577
3704
3003
2002
5208
1994
3545
5869
5689
493
534
3080
4104
2192
223
3539
3919
1618
2011
1614
2689
3050
1231
1762
104
4011
1730
4990
3142
3125
4936
2114
5088
3484
3716
5476
2626
5113
1964
1478
4842
1156
736
2206
2435
3375
5768
3035
3302
786
5013
1056
1776
2813
1570
3634
2614
336
4579
5674
4351
765
2181
5044
4580
1747
3106
1335
2429
1301
2745
4629
212
5630
2574
40
4389
1463
1805
5909
1115
5396
2416
5745
5862
3219
845
3079
2894
1443
723
4919
4197
2477
5590
2166
3431
4673
3891
3830
5429
2722
758
3600
5606
3063
1749
401
1890
2779
1540
4475
1152
299
2138
2062
2439
2576
3592
1589
2926
5703
1083
4253
3401
2158
2575
1824
2297
3178
3482
1013
2843
1401
5006
4871
5007
1490
4693
2376
1889
914
2172
240
4557
255
4332
3967
3514
1802
4158
4439
3137
810
2338
5536
2268
5610
20
1521
4504
1945
5670
5673
3771
2136
5711
3757
101
423
4072
656
1856
2393
1698
833
2826
1414
4600
4838
1262
4692
3563
2969
1079
916
4250
4212
1348
4470
1169
5871
5884
4159
2363
298
5859
269
4685
5830
4100
4602
583
742
2032
5441
476
2344
3329
4420
2097
1893
1928
925
72
1934
93
1111
4570
1903
3146
2632
1138
2424
3067
3608
5936
3942
3664
632
2175
3433
2283
3702
3810
2103
4664
5588
1911
1993
2445
976
5046
3569
3285
1606
14
1019
90
4385
1910
116
1973
3422
5609
798
2631
616
2999
3857
5167
4231
2554
3154
1690
3516
3262
5143
2540
4674
2390
4175
2453
1504
217
1562
2374
4577
3698
2442
50
2907
4153
2123
5281
989
1813
110
1629
5184
2868
1308
5746
584
4424
4751
5953
2040
1084
4156
4324
1536
2904
5508
3622
2746
3802
1419
2892
3962
1822
2071
2707
2700
2739
2250
4425
5914
5309
5556
2872
5472
1771
1864
4040
1043
3372
1003
644
5390
2063
3165
4423
4795
738
800
4781
3813
1593
2710
1220
137
1312
393
194
4988
4955
1325
2833
1311
2066
2358
5971
1297
267
668
2854
822
2373
3477
3785
1488
1859
4483
2145
4075
928
1734
4974
1645
3733
633
4501
4036
4763
3892
4969
2763
3879
5631
4019
5942
570
5681
5598
5802
828
2910
1360
5273
1391
4352
5141
135
4031
1367
1388
1646
2024
2353
4549
5951
2383
4088
2825
4314
4727
824
2840
3323
790
332
2020
17
4843
1931
4479
98
3068
1032
3403
2914
2003
5190
1159
5128
1834
3618
3615
5236
4896
712
490
379
993
5663
2499
5845
1708
2661
772
4008
1582
39
5690
5222
4702
5481
3228
5835
2608
3653
2510
2392
2856
2705
2430
5581
5
5091
3450
4646
1425
709
4394
4185
365
3557
1442
1503
1211
548
3351
5700
752
2064
4889
4564
2533
5531
532
2505
4469
2794
3724
1095
5966
5051
4855
2030
4665
1559
5669
5322
1989
1917
2764
2043
2987
4123
2459
2468
682
4020
2807
5772
2537
1962
2169
3099
4894
1233
3369
1891
1456
1482
3162
5463
1
803
4245
1586
3501
2978
4942
3983
4776
391
2953
4963
3122
1584
2994
4828
3958
984
5096
4390
2539
4168
1673
3013
2502
3573
4726
5710
159
3748
3407
345
1544
2599
1506
5699
1545
1770
525
5168
4038
2256
3333
825
409
1059
5034
1412
2490
1715
1194
3566
831
2141
2262
2396
4758
3439
874
3709
3904
5383
4857
2069
5287
522
3617
5475
1007
5293
5636
3647
5805
789
5122
692
3188
5253
3644
3905
4597
1632
5487
3076
2231
1092
3017
589
2148
2461
2190
2674
558
2704
5622
5761
340
3616
1336
2377
160
2350
351
5229
4069
4528
5964
4581
4486
4938
1166
1609
1613
1074
5926
510
1612
1630
1798
2284
3728
5832
3849
4997
5480
2805
4392
2888
4614
1968
5732
117
2195
3320
1961
1588
424
15
3926
2686
51
2307
603
4837
2293
5816
1790
3786
1547
1274
5231
3950
2162
4395
3614
1863
888
4184
4578
3523
4499
5083
3347
306
5424
2992
465
3711
2645
4920
2830
5332
1319
2828
2885
2336
2522
901
3319
1418
4786
3697
4717
3763
1116
407
3028
3737
3581
1058
5602
642
5883
1366
5021
762
781
906
3415
2842
2212
3432
4914
1005
607
5094
1264
4897
2782
200
2937
2627
2908
1838
2572
4524
3921
1073
2933
4947
3860
4398
4205
2809
2205
5856
3524
4760
555
2111
5054
5762
519
2591
2117
5377
1174
2105
5296
432
4373
557
2073
251
2113
4593
1505
4034
3464
1106
3357
3759
1949
1160
2052
1660
5183
1991
1041
5115
4550
77
4358
535
1393
80
2046
5718
1468
3247
4440
1142
1880
1189
5124
4553
4009
3719
5444
1950
2501
3350
2273
5426
5813
5593
1099
5549
5252
1070
883
631
5721
1299
4519
4856
5555
5205
440
5991
1261
3714
3
1237
3223
3669
1255
3022
121
2246
5450
1948
5348
4714
1884
4551
4271
1938
1523
1752
4381
2171
2441
4909
4923
2503
4494
5684
2706
3444
1356
5634
5455
612
5839
1232
448
3914
3116
5755
808
3463
4841
2005
3304
3269
2755
4278
2016
3745
2137
5628
5902
2357
5189
3513
1167
900
4775
3568
1067
5230
4341
5629
2737
1417
4816
1105
4157
1347
48
869
2248
2562
4243
1051
3248
1723
3180
3703
4902
2698
4858
3018
1171
1894
111
5315
5489
4647
3705
2296
3576
3011
2942
552
5192
8
4292
359
5479
5843
594
3243
1605
2121
2506
5225
27
2852
243
1340
5539
5885
3365
2359
5819
566
2648
2961
3218
4922
1874
4933
4133
4622
4096
1009
958
727
3315
2939
3801
1701
4187
3449
2956
5522
5033
972
4254
719
5261
775
5447
4221
1633
4835
5844
3908
3940
1712
1337
5613
1472
5000
99
1333
4821
2857
1025
4624
4847
3100
5468
1484
4611
5591
5854
4045
5594
419
766
1519
899
4323
4391
5052
5878
1327
2370
5474
5918
5371
1759
491
2918
185
2061
4503
286
2619
673
1833
1066
4658
3604
4766
2932
4641
5324
3971
4958
2996
4757
1022
3708
215
4226
2333
3420
4513
4453
5394
4591
1113
2566
5568
3637
4039
5930
3696
2487
3554
3985
3672
2796
3911
745
750
4875
3769
3797
2313
3173
1644
5874
4767
5812
5170
4098
3266
472
1369
4388
595
4554
23
2243
2526
4521
2462
87
2823
4706
1114
717
1736
236
1154
4768
4605
3200
5105
2267
3966
4331
1135
3038
3279
1922
4761
1869
2871
5786
331
2035
4809
4163
3330
2292
2222
1837
3586
1086
5367
1853
4638
213
1731
2031
4109
3039
3384
3984
4186
4151
1986
4441
5483
5340
1047
1617
5671
4959
191
3646
2323
5140
4095
441
3746
1363
2853
959
2982
2790
3295
4666
3220
701
4948
4404
890
5110
3101
5053
905
2438
4708
1487
4270
5589
2960
3589
4943
1415
2379
4443
4236
3515
4368
3861
4418
4198
4237
235
489
3437
36
4696
740
1509
1407
4191
2484
1811
2446
4697
3391
5990
1598
471
5744
2144
5842
5619
3169
5375
307
2538
5312
45
3564
418
702
1486
4773
4460
3460
3676
4755
1136
5855
937
3682
5243
5445
5633
5138
2683
843
4064
1906
3508
5773
500
1639
4083
3424
4309
5495
3555
92
3894
5175
5795
5121
4987
1293
5207
1896
4733
1474
4904
3934
5358
1998
5040
2090
5214
2240
1476
477
4573
249
1819
1090
605
5798
4214
1549
2519
1631
5837
2271
2022
5488
5868
2862
2878
5237
3456
1145
5863
4939
402
2798
4669
2516
2752
5009
4566
52
3700
1371
541
2568
3767
3092
5213
1995
5317
4537
2308
859
2007
2921
5857
2666
1717
238
1049
2715
2008
836
108
2990
5308
1909
5379
3110
1828
1793
806
1250
3741
3906
2426
5080
520
4371
4572
211
1481
5814
2153
629
4877
3046
2129
3356
5615
6
3852
760
3246
2270
2188
672
1751
4303
1953
2655
2006
3414
1091
4818
2543
5503
4700
2467
5646
4689
144
4272
3478
5780
4317
1186
5524
676
3298
2485
4584
954
3453
5596
809
4589
284
4190
2832
3841
1539
3544
3655
4642
5715
3193
4634
507
2221
5321
2929
5316
755
779
4928
2650
210
2592
5306
521
3686
2200
4318
2026
3803
847
1727
5477
371
1497
1149
4633
1358
9
5957
2127
4774
5065
671
368
2098
3850
2187
128
1193
980
5915
3862
1724
3627
4260
3400
2420
587
4145
4626
3922
3318
2637
602
1844
2788
5098
1818
5311
1310
2734
4720
1222
3916
1619
2497
4289
4345
3258
4599
3313
756
5108
1352
5978
4526
1002
3213
1364
1829
4233
2670
2364
669
499
795
5071
3107
4044
3798
164
804
4061
2660
3901
4916
5739
757
1674
1773
4529
4359
4117
3214
5384
4984
873
3625
5518
4979
4789
5331
453
4206
3389
2891
2092
5415
5392
4122
5242
1550
1854
851
4862
5737
4563
5440
3559
1718
2466
5169
4794
2219
3744
2386
338
4262
3126
97
420
3447
5759
1290
1272
5988
4112
5491
670
3105
3471
5864
16
254
716
554
1685
3990
4829
318
3882
3425
4384
681
638
2322
2433
3005
994
3150
1883
778
4618
5873
2251
2051
2714
533
2769
1990
184
5318
2102
3254
5422
2341
4374
3641
2318
1678
3103
1373
5527
4575
1147
721
4383
333
4090
3917
2259
4161
3245