43
665
392
598
211
590
499
690
548
577
421
526
180
588
543
661
515
557
286
664
698
139
481
194
64
299
360
379
167
152
112
649
654
267
251
113
279
450
525
553
262
42
562
147
300
691
667
435
82
648
204
291
474
359
518
572
666
134
255
494
232
275
441
31
116
126
201
32
683
83
171
53
105
109
446
568
374
674
21
511
178
606
677
245
34
608
237
15
212
454
403
289
198
680
659
235
372
69
693
25
271
153
40
173
617
472
314
444
582
512
205
434
531
303
14
425
24
645
406
682
164
252
479
200
81
668
631
136
102
660
696
418
117
340
502
522
399
265
529
432
257
583
114
341
373
686
424
459
333
65
208
545
395
52
456
264
292
505
587
159
355
95
401
473
72
321
146
679
508
364
594
38
405
1
188
227
165
13
338
555
510
685
601
74
187
55
196
285
23
337
148
356
62
433
104
240
409
318
396
99
647
624
593
530
5
161
326
697
283
166
438
157
331
273
151
440
57
387
439
581
509
537
578
484
177
605
483
561
541
571
41
517
567
176
207
0
107
182
281
445
419
284
443
491
125
353
4
408
185
121
280
516
599
213
19
175
563
595
145
554
650
174
492
193
334
596
89
413
656
79
329
607
342
470
565
138
315
156
687
111
37
269
609
162
44
551
249
547
535
66
528
288
498
230
460
68
93
699
546
431
9
18
33
429
210
447
458
234
186
278
150
35
641
308
168
36
549
154
312
614
78
142
86
51
327
493
100
92
615
144
203
663
127
60
349
233
621
695
523
542
506
123
519
514
367
569
163
558
344
566
570
580
50
453
219
305
533
559
297
651
46
540
155
524
642
224
415
226
2
67
466
503
384
662
135
346
592
3
689
263
8
218
672
160
423
28
420
141
463
90
7
320
585
398
390
137
669
576
96
468
465
610
480
270
293
487
302
295
248
694
370
560
91
306
354
253
574
229
29
550
128
322
643
202
183
282
88
296
294
573
45
309
94
243
428
655
618
634
76
239
495
132
259
351
504
103
501
464
427
254
84
477
169
365
500
437
619
383
54
371
635
613
195
422
448
350
184
684
629
462
77
215
115
190
247
277
143
700
611
602
223
98
307
189
220
675
87
452
199
410
478
256
521
381
130
330
357
575
75
332
242
71
250
319
347
475
221
336
58
604
412
485
129
482
328
110
639
26
455
343
378
363
214
39
388
228
411
534
377
436
671
657
261
469
352
366
507
192
298
538
11
490
442
304
382
584
272
274
678
623
536
238
358
389
630
426
325
620
209
124
170
636
30
225
676
556
692
637
313
266
471
417
197
206
244
362
552
290
376
140
612
652
316
400
149
407
467
118
258
80
375
345
622
85
119
488
133
416
20
22
73
191
402
106
311
476
670
638
385
497
646
430
301
486
122
673
597
626
268
625
393
658
414
231
216
276
394
539
324
586
640
589
61
101
644
310
616
361
461
513
348
246
217
564
56
532
323
48
368
397
633
520
653
496
339
260
404
457
391
591
489
627
97
527
335
688
579
27
17
369
544
236
181
10
70
317
158
681
49
47
6
451
222
172
380
600
287
632
63
628
120
59
12
386
449
131
603
179
241
108