2221
7931
5700
2926
1695
6899
6455
5734
3339
5853
2164
7441
8519
1576
8287
7039
1321
343
969
1147
3852
6807
5884
4573
6787
7237
896
5458
5149
8109
7622
7100
3316
2587
2860
5493
3211
2714
5433
180
6944
1177
2399
6502
2451
1121
3048
4006
1245
6253
4699
1607
7896
2322
5647
3894
2348
1006
3637
650
5681
1744
4872
561
3582
6441
1137
7888
7869
8215
5239
2043
8306
1629
6853
2192
4580
7968
5750
8592
4034
6433
8617
6531
6643
1935
4414
7802
2609
5555
1741
2890
1456
7559
4609
8224
4954
5846
1179
8054
753
3096
8280
2716
5163
8766
5919
243
787
2739
4401
469
2746
7805
2040
5858
5866
465
4176
3075
3464
941
7108
1190
6771
3354
684
1658
3696
5249
5052
8318
7376
521
3731
7523
528
3231
5388
486
5620
3005
6794
6233
6604
1870
535
6822
8893
7742
4989
295
6952
691
3791
3734
2836
7477
7089
3045
6477
6415
2978
8820
7892
7958
6874
3666
5222
3634
1555
3357
2030
500
8724
498
183
4810
2041
4607
3584
4618
2339
6875
5324
8409
6123
4800
560
4269
2130
7942
6017
3469
2833
8476
7988
4541
4409
3664
8204
5185
4657
7252
843
1144
4895
1202
3472
4751
2109
3121
7480
6631
8402
25
8894
7854
7363
3538
7146
1227
7475
2527
3539
215
6931
7673
1083
6200
860
7806
818
2304
3608
4434
2735
3825
6311
6208
8798
4073
8464
2715
8848
4935
6533
5183
6041
3004
2477
2624
6483
5798
7646
6599
3646
8531
807
8312
3158
46
662
8273
2552
1618
7144
992
7926
4379
1447
8450
3369
1539
6912
3157
1473
4747
653
8024
96
2788
3949
7074
5833
2311
5718
3792
582
3086
2549
2034
4781
861
2243
7962
2139
530
5572
7228
4233
7488
84
5110
7062
6183
6116
6630
5145
4119
3165
8423
948
2668
1061
3485
5547
6627
8615
569
5218
6963
5257
4386
6671
745
1057
7126
4875
4716
31
8022
2115
961
3170
356
2140
3610
862
6308
2676
2330
3662
6601
4808
8962
3494
1954
4706
8015
4423
2222
2426
3790
2555
2107
8824
8742
452
188
8882
5689
405
4292
8046
2520
6375
1903
3375
1800
6690
6684
7733
5495
8242
4588
1691
8503
2615
2928
5237
5140
2224
1364
7356
1593
6815
2754
3922
4966
3999
4300
7129
1530
8925
1755
6144
7711
6110
8189
1054
6369
6290
5843
4147
6355
4394
6971
5359
863
3229
8479
1122
235
4738
8538
5230
6640
4427
60
3565
7422
7070
4529
1363
6164
6593
6524
1384
5133
8261
3250
933
1436
3636
8018
1037
214
5908
3141
3693
4967
1328
293
1806
5295
4384
3423
1941
2651
340
1705
6534
9
441
7125
8788
5632
8483
8445
8002
4791
6579
2917
7759
3980
6448
6484
6024
7306
6293
7474
4472
5089
6356
2061
6896
5917
6243
5976
3644
7641
6273
3981
6159
7902
6107
8067
765
6379
3071
5464
3161
8363
3130
400
7635
6065
7387
407
4317
81
3349
1021
4972
5479
4709
3299
8547
488
6042
3993
95
6529
3178
575
1993
4779
6148
206
1601
5331
6835
1402
2170
4050
4190
5974
48
6800
1450
6527
6496
2824
4330
8475
7553
7992
8801
3018
7494
2085
8058
2939
6565
6299
3960
3203
3286
8401
8288
2056
2297
7217
6510
2021
3824
7998
4554
2267
2301
2259
297
3142
4535
371
5575
831
960
1612
6151
4453
5605
7238
1835
3786
1003
8732
2148
3053
5622
3465
6729
6319
4528
6358
5399
360
6570
216
5890
2378
6998
1734
5483
1290
7448
3403
7644
1200
8945
566
1766
8711
5588
2566
8310
776
3686
487
8249
4656
6876
8230
7073
8466
3074
8552
5313
8452
5771
105
5816
2962
5478
8239
8119
7379
3503
3287
6146
2546
3844
5927
5235
7605
2404
4797
8926
1805
2937
7240
3363
7428
1444
3936
8913
7380
6996
8537
2623
8979
7717
1379
8140
4951
4023
2005
647
6909
3781
6324
5368
3638
6925
7305
4894
8313
3341
2174
6603
1178
1463
6898
1731
1666
7417
1056
1276
1585
4254
5574
6672
8150
163
1914
2261
5850
1191
1001
8822
6237
1017
4153
7972
5898
6395
2202
8950
1582
6667
8934
4546
5939
2305
925
4429
7084
5491
313
1187
2973
3098
6323
731
3779
1569
2237
8567
1115
5608
8051
4643
209
4236
4188
7950
1236
8180
2896
652
319
8635
4042
8745
3293
6621
2233
4671
5353
4877
3415
3632
1520
2027
5205
8996
6018
8900
8746
6537
4143
8004
6370
432
2054
3067
2478
2550
2756
5915
5607
1697
8309
940
3579
269
8316
7131
3788
5124
7674
3959
5791
2968
7078
2759
2532
5156
8211
2474
6744
350
8050
2776
7855
294
7398
5273
4106
4053
7247
8509
6828
3840
1165
2965
4359
3611
5855
2029
935
5286
8482
7870
8250
6637
8453
2258
6093
1997
3617
540
4582
4170
8800
8153
7063
2195
4003
3578
2525
6302
7734
6485
2349
4489
4315
6512
7359
7546
4696
7586
1000
8790
6220
4273
3739
6542
50
2401
2122
2015
4307
7121
6949
4676
3330
1002
8267
2736
7708
2387
3343
1503
7637
7071
874
7442
5540
3422
7744
6834
6919
5130
5203
536
8389
3765
3268
4122
3753
2516
3391
8082
7088
7261
153
7702
2986
1785
3803
277
5380
5742
3164
3102
8152
4145
4583
4432
2980
1816
7727
4970
5705
2628
1644
4885
770
1566
3425
2512
7533
7037
4555
5759
8301
7300
2569
902
8644
3491
3243
8130
8626
914
5761
3516
6197
273
8210
7703
5080
6895
1962
6839
6654
7143
7574
6582
5501
8420
2287
6235
2371
2679
4999
5558
8631
8710
3556
5184
1114
22
1820
5465
6347
6662
8358
3059
2870
444
3616
2032
3641
3983
2838
225
8077
4614
1745
7588
292
1553
5993
4152
815
4399
2818
4274
8350
2807
4846
5289
865
6549
8961
7115
2685
5154
8367
8081
2943
7307
5105
615
219
2502
8396
468
3294
14
3002
603
8194
1149
7270
2077
983
8197
8855
5808
3297
1778
5914
1564
7394
588
2593
5213
1221
3958
2790
8576
4686
2999
2496
2872
4891
261
7609
8930
805
2310
8532
1084
1209
2427
2723
2080
6564
8976
4653
5497
1483
491
6658
8852
4422
3072
4161
1427
2712
6288
6972
5503
6226
6185
3420
2183
5220
7281
8786
6384
5910
6575
3117
6089
6359
18
1880
8965
3499
4890
3128
4619
2344
1135
1109
1458
1650
1685
5770
3489
4366
3147
4443
6644
5444
4819
1477
1647
5609
4849
3767
8703
5137
4002
7749
8253
6675
4701
8231
1763
6001
1632
5672
156
8778
602
466
5783
2557
2327
2779
8861
6556
736
7772
6793
526
3633
2657
5861
2640
7112
8990
8133
7912
7061
3948
2167
4412
2811
2303
4626
3977
687
769
2215
1710
4109
8709
4590
7323
1
8876
2604
2864
6595
2649
7930
4060
7799
4508
3889
8803
1076
4212
6420
76
1920
7020
7528
3837
64
6602
4503
2188
4793
4208
5260
6978
8655
2136
4425
5319
2177
3017
1813
644
6528
1960
2865
5505
6265
2291
3520
4487
543
6097
3230
3795
4123
6921
1578
3645
790
4202
2691
8222
6332
4892
2744
6560
5256
4344
3380
7897
2903
7612
7473
509
5372
6965
4682
7262
3384
5810
7924
7075
931
8759
4647
7864
1819
6165
2049
7842
883
3976
6040
7948
3513
4052
1807
6114
3721
4733
330
5799
2111
1895
2352
3393
1504
8265
1381
7732
3471
7316
5102
1656
120
5868
3011
3493
642
4782
2460
4527
4876
3551
71
6736
6117
8416
7911
2891
2309
4041
8643
5474
6357
160
3567
8570
8191
1891
4218
3849
4824
4955
5240
4288
3903
1908
1284
1008
565
6046
4983
2773
8530
4736
5349
4465
4562
275
8618
8473
4005
6755
5442
7279
8467
8425
3738
8496
6378
2755
6749
8584
2636
1611
5812
5172
1093
3660
7900
3534
5781
8792
2674
966
533
2482
3382
6196
1136
2899
3865
2275
8809
2910
2035
4595
7254
7044
8667
3526
802
2273
1060
7396
1019
4442
7670
5373
718
8823
591
3647
6873
5347
4095
8944
5906
5509
8144
3370
3984
2149
387
1621
4343
5878
5935
8637
4461
709
4900
1386
8446
4450
794
1693
5477
3522
809
8564
3323
614
752
1160
7404
8368
7740
1604
6488
7688
1967
5056
7001
315
1032
4567
5272
3575
1590
7344
7808
5527
6727
8344
8017
2338
1534
8308
4551
7364
7041
2191
1548
4186
3076
5565
5698
3385
5010
3407
855
1865
72
328
8827
1937
3518
2726
5125
8172
2472
3356
6789
5986
1648
4938
7373
5329
4115
2422
7536
7576
8688
7190
3247
1724
4703
3345
2226
2205
6133
6928
8943
4648
7360
59
5447
5069
1010
1721
7747
3902
4581
3331
1848
8747
2095
4646
3116
749
1273
399
3762
2060
8651
404
2821
6610
5050
3118
5944
6625
5931
8360
2295
8122
8455
4203
7267
1646
7610
8915
1536
1185
4574
3784
7116
7910
6043
1337
68
8205
1863
7029
6095
4169
4862
887
8031
8351
6084
7120
5122
3248
7578
570
5701
6284
3668
2689
5787
3262
7814
5287
6614
5539
34
2880
7564
7124
6108
3084
888
2123
7201
1062
2568
697
7999
2869
266
3842
79
1265
4136
2620
5891
88
5815
5849
2093
4426
2151
7739
7302
930
5587
6354
1395
8897
4198
1050
2105
5920
5631
7191
5697
5223
6011
7796
8883
5502
8365
5510
4318
2633
2483
7538
3324
3112
8284
1847
3925
6680
161
8040
4637
1130
4332
5754
7177
3000
7203
1603
5207
1302
5514
3756
5924
5455
4524
577
7743
4007
1297
4157
3904
6268
5940
5330
4537
8526
4530
4628
3414
531
5965
1554
2485
3663
1747
3315
2127
143
1670
1325
100
7834
6939
4498
1167
8841
3365
2367
6844
1247
1193
8377
1514
8507
661
8096
590
1162
2251
5117
1038
6167
6730
3436
1924
5549
7937
8412
7716
7575
5058
6015
2706
7285
6867
1413
8149
1201
4625
4897
3978
5406
4847
6541
2441
2213
4091
7227
5304
7509
7103
4563
3937
3030
1331
3599
8773
5404
793
1917
5694
5081
8177
3500
8266
390
339
241
8815
7616
5009
7916
5667
643
7657
2173
2500
8656
1495
7619
42
4771
2017
1849
6404
2336
2803
446
2936
3263
8511
6218
6339
6070
3110
5602
3054
672
6618
7964
1850
1568
5533
411
47
1371
6976
1123
2279
4457
8451
7803
2227
8777
5381
8569
3946
1505
8514
8383
6606
1888
8835
6473
159
1033
3027
5091
8680
1064
5748
290
3864
2670
6910
626
341
764
286
882
197
1233
5646
5595
1776
2453
7548
1622
7618
5285
5499
5876
4794
5978
4304
7160
8580
4256
43
4829
3776
1615
8427
7713
5078
1420
6691
2425
1641
3839
7174
6880
5826
4896
4187
6386
5365
4139
4510
4834
7395
8597
5170
4606
885
622
3487
5582
1883
4415
5351
8806
3007
5401
2913
7843
916
3569
3648
3100
6328
8468
2153
1229
4907
7817
37
8906
7271
7013
2985
6573
5633
2292
2271
1020
5276
4505
8392
3032
3213
517
4883
3296
114
7096
7874
6162
1031
4813
4805
4744
1716
3099
2741
2503
2465
1551
2406
2238
8560
1334
1385
5515
8186
8885
825
5152
606
7426
6870
648
8951
4665
5114
2354
4762
5065
5067
8696
997
3720
193
2697
3923
2528
5430
7018
8634
3761
7627
820
4729
7665
1368
3015
3939
4022
2961
3858
1929
4117
596
5615
7560
2975
3859
7510
56
3016
2168
8736
2064
8206
1132
4467
2006
3200
6849
5173
6848
5785
5864
419
6406
7459
8891
8873
1925
5657
6047
6784
8795
414
4596
3204
8307
3265
5232
3881
5856
2513
2319
4075
58
8775
7511
8585
8624
6843
7600
6180
178
8917
4856
4047
1370
2934
5244
4572
2419
2471
1782
4033
5613
5746
5334
2497
8021
7033
5841
7752
4697
1867
538
3172
8998
6710
6161
8281
6240
8933
2563
5066
5765
5074
4181
6382
636
164
2743
4584
6586
3805
8681
1740
5099
1220
5019
4055
7764
3651
1743
2901
5428
254
2210
938
6176
5103
8609
4515
4296
1861
5690
1242
4163
113
2772
6022
6081
132
8179
6962
716
5943
386
7613
7403
3555
1433
5062
8044
766
2711
8566
61
8554
6651
8845
6099
7366
4539
6986
3209
3278
6571
8219
5386
278
309
8193
6120
5827
7678
2247
7444
4518
258
5199
422
3580
3094
7700
7003
1451
1126
5726
4957
2898
4068
3868
149
3597
2011
675
1053
4603
2845
800
185
3882
638
645
3559
7782
300
3445
8941
2158
4140
5135
8113
140
1461
5621
1350
2083
4072
6222
1498
6231
7502
2390
1351
4640
5043
3214
7268
1256
4809
7709
5468
3938
5450
8366
7525
7315
1065
4155
7058
4753
1315
4611
7823
6310
918
5155
4713
8650
7392
3592
4623
5521
6060
4832
5299
16
2847
8286
4066
3630
8003
5707
496
7684
1118
4722
8259
8449
4752
6403
8781
3348
1679
6298
3620
1898
2031
508
4335
4128
4769
7861
4276
6480
4351
8073
7318
1942
1976
5041
6954
6809
4079
3240
375
1852
799
4180
6951
4474
1070
7137
8723
4062
3793
7541
2375
11
7994
2511
8812
3812
3088
3883
8055
6277
6562
5057
699
3635
3449
3108
7928
7706
6981
1317
7506
250
7491
53
5238
6276
4700
6053
2198
104
8493
3802
1947
2799
7529
228
115
7204
5629
7382
4973
6443
8691
8856
3688
4387
7101
7985
94
2131
3372
1794
7265
7353
3095
6334
5219
6929
8303
7516
1728
198
1168
8738
5005
8260
8085
5926
6141
5728
7816
2745
3454
1902
7987
7497
8183
1684
4873
5724
4759
544
6012
4672
1936
2135
8988
6905
864
1815
363
6338
6228
5852
5892
8536
1086
8924
4235
5857
4174
4949
5385
6927
5215
2290
374
3
6210
33
7707
8084
2571
6833
6227
5201
1134
2469
7156
5966
6858
4048
8074
1326
6232
8000
701
4376
5992
8042
7543
7114
3624
5710
424
2229
121
7457
5947
3898
671
8954
8393
4655
3146
137
1570
4100
4919
2536
4231
2862
3594
5994
4978
2207
2042
8918
2264
8009
4514
1723
3057
8298
7481
3952
5087
4918
2132
1871
5880
2540
324
5807
2594
7309
1985
4211
6568
2106
8785
5616
3020
7569
6514
6689
4770
6486
7973
6181
4126
2863
7787
5248
7580
1620
1375
5652
4097
698
6257
542
4520
1494
2997
2365
5777
5820
7432
109
8027
5101
8866
2506
7040
750
1868
1528
8952
3381
1742
130
5913
3101
2784
7686
6330
1508
4833
4271
2166
3640
7722
3122
5262
2024
8520
4911
3523
7577
3359
7598
4137
5811
175
4630
5457
5408
3399
5666
89
1485
2476
2603
5336
5390
6329
7632
4099
306
3006
6192
7176
5887
1471
2294
4184
5485
2282
111
6337
8304
1881
4821
781
2816
74
3972
2564
4242
4151
4280
4622
98
7454
5176
721
8291
1127
8850
8214
8125
586
2230
7925
6371
5017
3628
2447
6498
6587
3353
5169
5343
2598
1969
7338
8403
7530
7298
6837
8378
1353
8862
4321
7715
7566
7833
2250
5193
6707
8902
5339
5840
2768
7990
1896
7822
7982
6906
3497
2418
223
5395
804
5071
6634
2412
2364
4651
8072
6082
3783
4410
5245
1497
4828
2695
8968
6781
3260
4336
2791
881
1264
8810
8049
6103
6607
7362
8176
3360
4774
7561
3796
7229
7877
1307
6044
8352
2329
2813
6709
2655
2036
38
912
8283
3811
4594
3145
7142
2578
3460
4029
2424
8727
1510
8163
6516
2805
1626
913
3536
4909
8061
1078
1864
3571
2362
3847
6033
1431
3166
1333
2758
2160
4112
2618
7563
6442
619
7913
4406
5046
5144
580
8438
783
7832
4652
5594
6111
4916
7317
6786
6574
8807
8726
3912
2765
2846
4407
2052
1879
1035
8126
8484
4670
4353
1257
8472
998
5893
7072
4362
707
8324
1613
7555
4958
8910
995
2379
4204
6860
5383
1214
8715
6036
4536
2659
2782
3713
1105
5374
8235
4576
4026
8279
4322
8397
1927
2924
3717
1074
921
677
6317
1926
8860
7334
3355
4995
388
1657
3998
2414
8825
5360
8989
1757
8325
2687
5550
6205
5226
5967
6464
5659
5560
2268
4223
431
4417
6897
6945
5721
4257
6362
6073
7921
1282
6520
8371
7424
4364
4859
7906
4258
5950
5059
909
3667
8220
4867
8391
8471
1739
462
7492
7995
127
6814
6808
1858
6525
7016
77
7957
8717
5036
4577
6685
6407
4921
7165
714
7483
6340
8731
8935
4054
344
97
8808
798
5472
6368
1039
4138
2038
1587
7676
4662
4213
8714
4586
7789
6501
7464
7429
6
1277
1068
3152
8271
3171
4664
833
2157
7218
5281
3453
5972
7675
3244
2769
5945
1904
7629
5357
8362
8293
1216
5568
8218
2750
8013
4349
3134
167
5076
2180
4001
7720
8136
3603
3809
4922
2045
2331
5600
6841
3963
3197
878
2644
5508
6352
7377
5026
768
1048
7221
8665
6544
2190
3574
8422
7835
5119
3440
477
8095
5773
1594
3151
6946
4381
6247
4411
2982
695
3831
6769
6245
4449
1361
1676
1837
6969
7923
6913
8097
2981
8728
609
4634
5024
1669
3237
7351
705
980
7372
7691
963
2800
2159
8118
4201
1910
7180
1100
2698
5301
2601
67
4933
4209
3085
5072
2747
6989
3346
713
4142
5948
3388
943
7521
4146
5326
8154
734
8699
2075
3870
686
7249
6552
5015
2631
3754
1399
2882
5191
8394
1756
4319
2325
5752
3787
7440
3985
1231
936
8603
4568
4206
2517
3156
6013
3196
658
5277
4661
280
8276
2666
1818
3148
2920
2591
394
7256
4526
1340
7487
8936
1673
1768
4683
2420
2163
585
8831
5148
601
6224
1007
4566
406
4778
3028
7851
1823
1592
2320
791
3916
458
3058
1708
6400
1173
4088
6289
4836
3827
6937
1719
2619
4090
2895
8886
3228
5188
2225
5095
4227
102
7515
3124
420
8938
265
2648
6760
4704
6072
624
4200
3051
5528
554
8196
2523
1752
7358
6437
849
4154
7413
3685
86
1735
148
8829
3992
625
1493
6757
7513
6410
3763
6797
3886
1339
6806
6626
2133
3107
6481
7941
211
1964
3427
4342
1440
7587
1987
190
7694
7167
6137
955
4224
3708
5166
7200
7893
426
8274
3797
8640
3744
1360
5775
8028
331
4129
5432
4501
7638
4681
35
1588
3704
3179
112
7283
929
2822
6596
3659
4968
2254
986
592
5083
5928
8982
4765
2051
4869
312
7878
2146
6091
657
8544
2942
4944
1980
325
7954
3242
3061
7233
289
6074
1851
1633
7847
3306
7652
1660
7965
891
5031
4823
3429
4496
6090
305
3273
868
8639
5804
1306
1416
3467
1550
949
3105
6748
3650
8683
380
8278
5723
7154
4354
3374
403
4065
8591
2289
6052
4714
5305
6850
2858
3512
5870
1262
5164
846
379
3234
7545
5116
1738
6019
4039
4455
3966
5200
3782
4969
1786
4144
1702
8071
7161
3160
1230
7272
2929
8349
4556
7687
6785
8586
4827
6882
7211
4118
5398
7505
3277
417
523
1627
5579
915
5650
2793
2383
1219
8132
7978
5831
6958
3335
1263
3258
5952
5161
2154
2337
1346
5932
3401
8737
5454
6391
3206
4940
4795
8706
1897
1720
5423
4687
4166
1155
5644
7596
4016
8151
4743
5323
3816
1470
5918
1978
5732
1448
7216
858
3591
346
1499
2632
4175
7423
5437
857
2682
708
4632
2508
4435
1631
3540
6076
6482
2288
3281
8928
4830
2560
4837
7134
999
3841
1930
8160
4525
5427
5735
378
1027
3259
501
5738
3065
5542
7677
1476
8692
3774
3079
1107
6791
8993
6507
8170
3843
6026
3042
2143
1696
7656
2116
7184
8659
6775
2944
1774
4601
7257
8379
3139
8439
1799
911
6669
2909
1841
5627
7697
8428
5954
700
4391
4092
4870
751
4194
975
6119
5425
4845
5160
3655
1773
7383
5865
5903
2783
189
5695
7410
2514
5973
3358
8023
6136
4102
4028
6427
8875
2361
1877
2590
6526
4803
627
987
2193
2729
2565
630
892
1159
1986
2584
4172
6155
2617
4189
6567
640
4927
3447
457
2436
7756
3409
311
5247
1667
2839
1403
3476
259
5882
6753
2439
2199
3176
3752
8761
7455
2801
7795
7296
3772
2725
1243
1150
1327
1120
7542
2627
3658
5271
4741
8434
3681
4893
522
6129
7153
771
1619
1296
5902
8400
5382
3187
5764
6941
945
5727
7607
1737
5446
3885
5073
232
3093
7967
7927
2902
7780
5982
2949
3855
726
5597
2753
329
5704
1645
6214
8844
6341
5889
3426
907
7590
8793
7689
3395
4024
4880
5660
838
6098
3289
6705
5461
6934
4279
6918
7337
3410
8578
5022
8751
8372
2065
7868
6535
803
6827
2203
186
8682
2488
2088
6241
8091
144
5013
245
529
2652
3003
7386
2621
7312
8527
8190
1545
6038
7332
5909
7295
8029
8469
7127
3863
7066
2611
1204
402
956
3305
1671
2428
2802
1270
2003
1567
8315
8199
7321
3964
6179
3615
3046
4036
5934
85
2216
8043
8675
4045
1036
4592
4591
1358
1460
723
2789
4901
8752
2626
8948
3700
8488
5209
2090
1343
6135
5088
151
7436
5936
1749
4252
8457
6008
3405
7031
7407
2307
1682
8187
3723
1595
5303
937
4715
6832
510
2501
8666
1316
1004
2656
3814
5459
8330
1974
557
7085
4739
2119
7540
759
6694
6505
8548
7949
1853
7539
2654
3528
4962
5566
5740
2008
7824
6679
3216
2499
2397
8030
7642
6546
4134
39
5419
2121
7976
906
8783
63
8436
4365
8814
1767
1995
2876
6677
2260
1984
5259
4370
1640
5684
8477
5693
4980
3373
5930
3845
1608
8217
2531
7024
1524
5611
1933
7938
337
1546
3311
1913
8533
5661
236
5174
6016
8804
562
1609
611
5061
7522
2245
4557
3736
774
4799
5634
3212
4121
5400
920
1051
1532
5003
3953
1688
2124
2629
3872
1583
3730
2277
811
8380
8978
1840
3064
3568
6476
7205
6032
8056
2885
5869
7971
6283
138
3421
6408
6968
6255
6452
7173
6428
26
1013
795
5591
3506
6583
4493
1513
8341
1901
2020
2752
5234
2993
4540
3272
8433
6083
5314
1990
7615
5405
5469
3301
7760
2358
5678
4903
4674
6182
6569
472
8678
2492
1642
2709
87
6790
3525
7015
13
5802
1894
1468
4214
8068
3309
990
5315
5942
4303
1268
7507
3712
5543
6163
473
7068
4247
7017
3284
6635
2186
8323
2479
505
2445
2256
4096
5241
1224
5970
8512
685
296
2246
2507
3459
683
1949
5625
7339
4284
900
1466
2634
6887
8236
7836
8198
844
3408
4251
6392
6424
681
3010
6469
2877
4312
2804
8834
8702
1164
5706
7214
1586
3766
2763
880
8034
7679
4504
8587
1116
7388
7266
942
6536
7297
756
7193
2395
8712
1842
6633
8263
6297
6130
2960
8357
7889
6390
668
8588
4731
4956
349
548
2018
8923
1479
1366
5516
2795
8799
4802
5143
5755
7661
434
788
1186
3794
221
8336
8064
5001
1484
3877
4473
1596
3219
332
1182
4306
4469
7603
5489
3184
7891
6209
1665
866
3602
3194
8390
3511
118
8053
2599
550
3218
4396
7400
6251
2537
2777
4912
316
2458
8927
182
2950
4641
6576
1557
6461
6122
7753
8175
5714
2699
7036
4398
5340
6492
6616
982
6145
5291
8116
4509
2579
6866
3716
6312
3111
1717
3207
7239
873
4460
3169
7329
2589
5899
3691
5202
1261
4783
3202
3733
848
7779
1324
1104
7348
3915
5171
6350
6056
6127
3245
4534
6902
8604
3557
5782
6810
3941
5638
829
5670
7026
1952
3675
8755
1998
6282
4931
5953
2797
5167
302
5838
927
1957
746
3741
7774
3073
6721
1069
3023
3718
3109
1675
5883
1166
2667
1909
5863
2558
1145
5795
3654
5842
2097
8353
7593
6353
1750
1523
3690
1958
6113
7997
7769
2875
7185
5473
4511
7873
8608
7093
2402
3208
8100
5776
5008
5482
5253
6865
4538
2919
8504
1314
8605
270
4517
4038
1966
8842
6186
3626
4728
5929
8920
7224
384
884
4293
549
5371
6447
1055
828
7287
994
3913
5904
1029
3252
5242
6655
747
3819
8200
2150
4811
8373
3545
1982
6124
492
2498
6320
5665
8345
7895
970
4341
8134
1454
3678
220
7479
2391
7056
4454
2905
453
2820
5120
479
3917
5680
4645
7841
2323
4608
1217
6140
7476
2063
2429
1141
7791
4383
3430
7171
5121
7
4222
2138
8870
2608
8331
924
8454
6474
2013
4960
3622
2672
4009
1512
1269
3533
6517
8139
5414
5717
4378
710
7705
5126
2630
7293
926
4560
8853
6733
7462
361
3080
5361
7451
598
6236
4548
2730
8718
8734
1787
3295
6092
7573
2434
546
5938
4369
2481
4316
6881
5462
7754
3378
4266
8971
8818
5529
1280
8687
7557
409
6776
8202
6246
3285
6027
2244
5252
3669
122
443
7286
5068
2935
5817
4239
3377
5668
5720
8340
3547
8143
1574
7443
8429
393
816
3090
5567
3366
3163
1511
5544
3564
5860
222
7980
451
6446
6418
4156
8305
2794
1481
7034
741
7250
3276
3757
116
6678
3442
8871
5873
5957
5751
5429
1722
8541
1253
993
3337
4820
7012
6851
4928
665
3261
8772
3222
396
702
836
460
5573
5438
4858
8424
3695
6131
3129
4790
4245
8494
474
247
6714
7701
3180
4879
3310
669
497
3609
730
8246
3619
4815
6554
7966
239
1527
3466
8887
93
2665
4314
8984
748
461
158
5392
2001
7117
2023
2897
1680
4193
2577
7872
4768
3900
4742
2989
7527
8317
2100
6372
4059
8765
3031
2708
5077
3132
1207
301
3087
6194
8016
4260
4347
8539
3119
8832
2605
2355
2255
6597
6462
951
3333
5113
8414
3930
3780
8515
8981
6045
7119
4281
8478
5269
7412
4763
4531
2368
1690
7427
1410
4082
1714
2389
6904
2028
8722
1948
6305
5686
7055
1549
5760
3891
6668
8940
4857
1318
7030
512
4963
984
2843
6489
6811
7857
8285
3257
1661
2650
166
6801
8407
6741
4929
4666
1699
3519
5030
7790
3884
90
5075
729
4839
6495
6460
3013
8528
8914
4669
7130
2380
4599
2663
3069
1239
351
1246
8892
3995
5563
427
5951
7269
1073
1312
6717
8670
8969
3537
4477
3908
7113
532
2866
7532
8559
515
1681
8599
3022
8135
108
696
7052
4826
5377
4285
692
4265
3338
4564
5093
3683
5916
2664
1751
8725
1845
1453
2770
4749
2468
7460
5958
743
8343
4974
8295
4345
5297
5254
4523
4248
8881
3078
2987
722
2120
5475
5578
262
4711
2991
3199
4084
7182
7979
135
1101
4635
5719
4649
6104
8613
4631
6199
4680
1836
7325
5063
5136
1635
4838
3153
2350
2556
6313
6930
7882
2057
6160
1171
1810
3542
6878
5481
6980
3274
7111
6449
3175
2575
8901
8510
8916
8102
2200
5342
3336
2766
3437
6713
8896
1457
4220
8088
6326
5228
6577
2248
3910
8864
3321
6857
51
3577
4125
4069
3477
2019
3593
2370
4372
3091
8779
2874
4748
3553
7008
470
3918
5946
3798
3821
8410
3614
6223
2461
7094
1659
2435
6728
5979
2859
5217
2208
3241
7335
191
2683
8146
5592
1238
5813
276
5421
2610
6005
7181
2792
6856
322
7245
6765
7565
1639
5250
6877
3677
8244
6267
7319
1241
2856
7050
7614
7726
8947
2653
5280
7090
3033
8953
6734
92
1308
4179
6465
1544
3043
6244
1047
1111
826
534
231
4385
335
2253
962
5739
4522
2306
720
7939
7005
6521
2798
3748
6555
1959
5837
3586
494
5912
6539
7278
1112
7765
4730
471
7520
6885
5990
8909
6639
6745
6903
4466
5989
6213
2217
6239
1856
1396
8207
1407
8658
2489
1678
618
1387
6178
5040
7054
7636
2126
7904
4971
5293
8168
1108
8327
1748
2812
7004
5375
7148
3481
1292
439
4124
2596
7503
8039
8653
3308
2456
7793
4734
4494
1496
4660
3190
3924
5292
4168
7504
1081
5968
6453
4490
7914
2830
8404
4486
5189
5378
5236
5211
3806
8955
2911
8248
7643
4299
5569
5716
5554
8673
1102
5722
934
8124
2721
7346
7582
3362
1445
4757
6935
3893
4694
1143
2495
4698
5535
8907
5524
2433
7943
23
4807
5335
6845
2113
7009
5830
1940
5663
8956
4602
8977
3573
7225
5027
4397
7558
3104
8142
7526
6010
8735
5753
7947
7770
6281
3008
8622
5956
1234
1213
240
2775
6100
3326
3446
6966
8517
6548
8847
4182
553
4149
8633
1344
8444
5312
307
6478
6743
7198
4261
7993
5959
7658
779
20
8032
5513
4301
2296
6494
3726
623
7648
8620
5258
8684
897
8629
3334
1500
3062
2272
7984
1975
6422
6157
8346
2494
1541
5214
3040
5658
2280
1726
4393
7640
8213
8128
578
4598
4081
6605
6377
651
8226
1736
107
6270
271
2922
6660
5888
8931
1046
5637
7327
8973
7435
2462
6708
1028
2515
181
373
5108
5933
5246
1701
6490
939
8238
3702
5350
2044
4861
4350
4593
4360
547
3186
7611
192
5129
4512
3041
8103
8720
5190
5749
7393
8173
65
3280
3773
7597
171
4404
593
6258
6075
3383
5512
3828
821
1094
1354
2718
772
4165
436
7304
8770
4939
3390
4437
4408
8868
604
8322
2257
3808
7420
4925
6080
7133
2639
3671
8290
255
2819
7905
8700
3131
8090
8106
7259
5772
1288
4758
2194
6611
2182
2466
4638
2737
3478
2184
917
3428
4456
3657
7633
5818
7690
7680
6907
5642
7848
5576
7207
928
7051
2851
3092
8115
2646
2521
2078
318
170
2484
91
1199
8565
4773
3474
954
1798
7696
7881
3875
2262
8994
7762
3514
4110
3201
8884
4468
3475
5643
2826
7664
3495
4708
7150
4297
5758
1943
8359
2096
786
889
754
6831
4675
3715
8083
4673
5834
1649
2787
6653
2703
1237
435
7276
4127
4447
7922
5526
4565
5038
2757
7591
8686
4463
7956
3392
5090
8636
2125
272
4724
5294
2539
2541
1779
6331
2998
8880
1488
3692
3246
2831
7399
2600
1172
41
6426
4764
2388
6457
6592
712
6207
8929
8648
719
2559
8966
213
965
1542
6943
2764
3588
3317
775
69
1338
6613
357
7091
8556
1923
7811
7341
1830
4932
6508
5004
8162
5618
839
5268
7439
1760
3552
5577
2761
3034
6475
3857
8921
7178
2857
4104
2815
8589
7408
886
224
6301
3439
3719
6009
7047
1824
8816
7951
6294
5570
1712
2969
6078
4132
2407
947
4776
4926
1711
8867
7792
7970
824
8964
1764
7294
1509
6166
5977
2059
2849
3307
3300
3406
8243
4908
6204
1082
3113
1866
8462
8209
1616
8247
6336
2321
4986
7960
5872
5231
7721
8594
8729
5054
5466
835
4027
2994
8805
2281
7567
8426
7807
3039
8497
4462
5955
2742
620
8606
2647
2868
3861
1826
4952
4431
4230
4358
5819
5134
1332
3934
3302
506
5725
4004
2956
358
6143
812
5142
1096
152
8463
5806
5559
3927
2504
5158
7069
4544
2720
6530
6893
1623
2486
5426
4259
4294
1356
4228
5037
6663
8145
4439
899
3807
6187
7929
8012
4945
654
3601
8490
5233
3303
8320
1876
8713
5311
2335
8573
4886
6645
7192
2265
8001
3729
6373
203
4199
279
5854
2693
4010
6020
5362
7194
8693
4253
893
2643
1206
7014
27
6961
5187
5261
3143
7465
1637
3871
2033
6221
8879
6471
5897
7299
7138
3009
5626
7401
8167
3125
7202
5210
1955
7974
1900
3451
4210
8184
169
6086
5424
7209
7628
1625
7065
2467
3463
7771
7606
8721
7858
5177
8432
2440
3162
7784
6572
8048
490
3866
5109
2572
6061
321
7852
876
1309
8431
1319
7712
599
205
740
6175
3535
635
8070
6031
5182
996
2661
832
377
7623
8960
1140
3103
3750
904
6398
6936
4835
8076
7458
2823
3192
3625
8011
5049
8101
4113
2252
3746
757
5094
1071
7109
8898
8645
3950
5316
6557
4282
890
4906
6624
1175
2218
3623
4946
5039
5394
8269
8498
8228
1125
7801
8059
4878
5730
7028
2844
2886
6259
4692
1771
6429
1907
5128
976
2889
1430
2786
2141
5733
8435
5175
172
1822
6419
1839
8741
5079
8185
8525
4624
139
3097
8156
8796
7827
7798
8705
4727
1600
3319
8300
8719
3661
4942
5436
2048
6374
6322
8019
2196
1812
6509
6589
317
1417
761
8768
5531
475
7936
2359
7746
354
327
1188
8543
5422
1860
8975
8840
2570
6049
8583
1662
2487
4589
5327
5537
7741
6380
1222
8148
3560
1951
2341
3652
1802
2607
6590
1808
4077
7945
1651
4357
2114
3890
4636
1884
2417
3254
7097
4131
3394
5832
3127
3188
4777
6193
4937
4887
3725
4726
3973
2067
3055
4277
4772
2780
7766
739
5981
1636
8905
3834
4920
8521
777
5264
2613
8839
1449
7236
2446
5045
2848
7210
814
4888
3743
489
3120
953
4668
8819
5302
4993
6813
7650
4196
5266
3322
2625
1330
2493
2907
5809
2953
230
1772
6900
3818
5333
4340
1119
7785
6855
7608
8328
895
2948
2181
5743
5029
2923
8649
7534
1472
484
3288
2580
8470
7301
1260
7584
154
4141
6177
8166
2955
3710
3527
3785
7794
8757
6824
6416
1249
3896
4105
2026
2573
6035
4183
5484
4953
8099
6055
559
7289
7630
8229
1181
7345
7568
1732
2269
7141
5
1796
2346
8877
8223
6066
7375
6585
1928
3433
5358
366
208
8052
7933
57
7391
7935
4516
4840
7751
2053
2169
5708
4076
6773
5216
6121
4324
5553
1561
5635
5900
7544
8289
5106
4116
4025
1091
3267
6779
1255
5847
5674
3606
7763
2155
6724
3940
1205
5296
1770
847
1244
5307
2239
4416
5471
8216
8395
8201
4905
7693
8863
5538
7322
7484
6399
6152
338
7310
2411
2274
5598
6260
6957
2984
4604
2915
5467
4114
6096
957
1174
2529
1195
2235
2161
2438
6739
3438
2334
1087
3987
5118
6225
8632
8595
5901
5790
3510
6198
8647
4000
5645
2534
6778
6230
54
1421
2606
6746
4612
8342
2000
4685
73
4721
2022
8776
5875
5696
1095
4575
7135
6942
4950
4031
853
134
5612
6692
901
841
1197
3220
8078
5997
8448
2437
4923
4868
5960
5322
8264
541
1482
3830
1687
3233
4725
6499
3853
7409
3747
5034
1098
7381
1911
2137
613
6600
3325
4444
3368
7595
2871
6304
3070
2442
6321
8111
3979
4268
8958
7187
3508
7038
2332
7253
869
4019
2553
7875
5507
106
6702
1706
7343
5862
7159
4854
8843
2278
2707
8789
3631
1480
6463
7681
6300
5653
326
2710
5824
6423
2285
8241
1490
2473
6397
3304
7556
1311
5456
7750
6697
6287
5789
1018
1821
6847
6995
3249
1789
7320
2490
4308
5354
1176
8314
246
5014
7809
5060
4363
3444
3077
2602
2491
3629
2740
6269
2771
2751
1382
2850
6067
6932
7402
6150
3168
493
8774
4291
674
8797
5064
3749
822
5874
2187
851
7698
6211
8872
1106
8158
6816
5197
3764
485
248
8534
6580
2827
5355
1287
7989
2201
6812
4244
4690
4667
7463
4570
659
8062
3771
4756
3566
6264
40
2622
1024
4484
5494
4984
7340
6173
6695
5688
4067
1408
2867
2760
633
8075
1698
7909
5673
8780
3379
1152
5409
8642
8294
4333
2162
3396
5288
369
4818
1790
7735
4947
5525
1491
3856
6802
7647
6670
6894
3759
8707
2004
8551
2014
5397
6742
2906
202
2738
7518
2841
6513
6343
82
4037
854
5449
792
7452
6249
2669
8107
3063
8522
4705
7445
6039
415
7260
8437
1305
1775
1571
3876
7107
1434
2069
5851
5337
6366
8743
6656
7570
1215
634
7155
655
36
3001
6804
3498
8748
440
8384
8911
3680
2360
2732
3607
4433
2432
8836
7602
3707
2749
268
7199
1313
4377
4063
1672
8188
3826
1674
7626
4977
4436
7800
5243
8299
1559
6440
1300
1999
495
7241
4086
4326
4488
1630
1765
4965
2837
1156
353
1367
3709
2967
6195
8399
6891
4020
2927
6638
8762
8369
6883
1758
4542
2382
4164
4405
2810
5530
28
6620
3387
8698
1664
5445
4483
199
3524
8500
2392
7243
8114
1965
7651
5983
4994
4150
5021
3530
4786
5412
2394
7145
744
4720
8485
2102
7731
1154
6261
810
3612
3509
437
8750
6664
8065
8120
133
52
5016
1226
8459
3947
8418
3450
2366
7862
3880
6314
632
1443
4185
5146
2614
2524
5486
1278
5963
4629
1703
2098
4621
6344
8296
8007
4015
8959
284
2681
7105
2688
964
8131
7776
5756
6349
464
7277
7118
6250
1294
6720
7258
3970
7493
3932
1589
1437
6387
7248
3954
6608
2450
3312
7853
449
5545
5551
6964
3596
3965
679
3587
308
1131
7748
8092
7898
8430
2918
5654
6994
8221
3347
3926
6021
5848
2037
4659
7849
3836
62
1211
3823
516
1780
4843
30
6174
201
7469
8672
463
4899
3114
8121
3618
3235
8443
796
7724
8899
3544
594
8846
2597
8740
5345
5767
8908
1208
5712
3570
282
3799
1406
8461
5111
1151
3505
7019
5996
7508
3457
1258
8601
4380
2678
8010
514
817
1015
5604
8460
7485
6007
4991
2454
3929
5138
7274
7778
3595
2828
7825
1729
6085
5396
1996
4445
1113
7195
5886
1040
5741
320
6168
2357
8008
7390
7083
3492
1058
1401
2974
1161
870
7430
1890
2853
5532
2509
5536
7783
3732
8791
1373
6279
428
4275
4388
7631
281
413
1991
7885
3066
6926
2748
6156
4171
5747
6430
6470
4355
1059
2128
1899
75
2806
7932
4008
7668
7838
3562
204
2637
5744
6959
6493
5044
2595
5881
6817
5907
3140
418
5774
7453
664
6948
310
5980
1979
3198
6829
1080
6674
7077
4740
5048
3455
6722
5204
2071
1052
4801
5270
2938
7645
2808
4684
867
2696
4613
433
8550
4844
8080
19
4547
6861
5839
4831
3035
2834
6609
8733
3878
6783
8602
6450
1418
2156
7371
4272
2416
5859
8094
6153
6280
6688
6960
2505
4948
7035
5460
7311
455
5520
6799
5391
7025
8558
2727
1577
2223
3329
6346
5829
4702
8869
1892
6028
5051
126
1515
2455
383
607
7132
7219
8411
8447
49
5969
8127
2070
8838
4532
5623
7867
597
7777
7149
242
8516
1198
6632
5092
3144
32
2908
1689
2778
7826
1390
8627
6788
4338
6048
1455
0
4864
539
3483
7197
5283
5786
3418
8147
4240
389
563
898
1184
8694
8904
7151
2376
4133
6388
3443
1889
682
5007
1489
6203
3775
7162
8903
6830
3082
4286
7022
1383
8
551
7581
2972
7551
6468
8137
6892
5971
637
2448
527
6984
2900
4941
1085
7461
7901
6256
8888
2214
7164
3226
1537
1906
1591
2762
5731
6511
177
4605
7212
5159
3832
6101
1391
5691
8335
212
3846
1506
7920
4677
5793
1677
8756
2583
2835
6003
5896
813
7079
3138
5413
4587
3672
3931
8679
2700
4610
5794
1921
8513
8465
8830
1746
2172
706
5028
4679
2403
4270
4101
155
1285
1934
3694
6170
195
1169
6515
7768
5221
7368
5300
6711
7230
6023
2586
520
6740
1516
4812
8178
6212
2050
8561
3507
4936
8047
1459
7313
7433
2444
5835
8141
7761
3968
5867
6425
6553
8997
6275
903
8600
4130
4689
7011
210
3974
4400
8895
4160
3962
2423
2861
6401
4216
6394
8374
6088
3687
4788
1686
3021
6234
6920
3724
5282
5434
1694
8419
8701
4234
425
1919
7123
8376
5411
958
2510
3955
6947
7562
2129
1271
1872
1286
8697
7333
1683
1827
6142
2932
2701
1833
6889
1349
5709
5534
5255
1791
568
3701
5278
8878
1079
2145
5367
6109
1653
3256
5011
2317
4817
1769
7232
8610
2733
3047
908
5229
1194
4902
2009
2351
217
6766
8255
4775
574
6652
2101
1938
7447
6792
3800
5443
10
8946
5147
5797
4917
6646
7206
2118
8784
2728
7244
5923
2066
5961
8826
5310
238
8486
362
8523
689
6139
4866
1397
4853
7655
2881
4979
1103
4571
367
6105
1878
5131
3639
6432
478
227
7431
5844
7571
8974
3482
3049
5393
2893
4162
2012
7418
2702
1715
6248
5762
6696
78
8311
4650
5480
6547
3264
8662
6983
1422
8695
4500
7730
1655
6215
7007
4013
2888
5042
4
8386
7290
1409
3621
584
7617
6051
1730
334
285
7043
8398
8347
2324
1293
7179
8169
5055
4851
5871
6383
3191
6417
7087
7719
4011
7189
1727
6992
5702
4032
4446
7810
728
7781
2480
8596
631
7490
5085
2074
2103
6062
6184
1857
8005
1442
2039
2463
4428
4313
6712
6871
2228
1298
6738
2084
5822
6454
1235
7907
8417
6172
7331
2353
7672
4083
7021
7583
5192
673
3193
8508
8545
5669
4249
3036
4103
3737
8356
1170
2518
1090
3019
519
552
2538
1981
1392
8663
3291
8262
5180
6216
3456
4850
1429
21
5488
7397
6924
8388
5922
1602
2582
1138
1124
6864
7599
7486
8174
2286
5925
5227
879
2814
6701
589
1034
6982
8014
7347
1075
789
6682
2142
3386
6458
6938
1267
2971
8660
4481
1531
1359
6503
7060
5541
7466
4930
660
6540
8749
5523
7860
3956
5265
2855
2947
6999
145
4111
600
5370
6770
6911
2694
423
7495
5208
12
4658
6491
483
8138
3850
3038
3364
1357
2673
4712
194
587
8802
4789
6545
70
8041
4207
6977
2147
4043
5941
481
1133
7355
5420
4755
5737
8858
176
3183
8254
6217
6363
8912
1474
323
8225
6975
7919
8562
7234
7666
6661
8364
1251
4078
6201
1507
8704
6202
4173
7328
6737
3548
6917
7367
3728
8771
3037
8983
7837
1843
5274
3989
1992
7499
6189
3298
6726
5417
1023
4071
2933
6780
2108
8110
537
2047
3217
5290
6840
7196
3684
3419
3867
4238
2381
1210
1026
4561
5703
7710
1915
6306
4766
8970
8630
5321
5318
1223
4981
3313
8036
3181
819
345
3224
6325
2092
3417
2878
6594
4796
1192
6479
4018
5628
1970
3504
8234
8282
4814
5012
7579
1961
359
8237
4863
7537
5415
724
977
2660
381
1299
3817
364
147
5763
4263
5023
8671
7342
365
6206
6901
7354
556
3558
1797
5104
2328
7840
8574
5757
7880
482
1793
1932
1874
1887
7282
7991
7669
1832
5194
5675
4056
6154
7098
2675
4352
4585
1157
6385
555
6772
7303
778
6676
2562
2369
304
8890
4732
1581
4476
1838
7639
2099
8652
2522
5571
758
8319
5585
4014
5224
1030
6147
525
3367
8258
233
1953
2240
4502
7846
1707
1643
3292
8256
6908
4871
4057
4424
760
2
4519
6879
612
5546
6351
2081
978
3653
3083
6402
5517
5157
1426
850
1005
4904
7349
6854
7818
8481
1252
352
368
8689
1405
952
7725
979
6659
3255
2635
6272
1692
8093
6974
4177
7139
7208
7478
7222
4458
6588
8980
6796
2313
1180
7226
8079
641
7264
4852
125
511
4746
6612
1753
4798
8440
4761
2263
7554
845
704
253
2996
1259
429
801
4178
3997
5178
3236
2176
4804
6698
967
2408
7512
5581
1446
6295
680
5263
6456
6985
8571
5639
4080
6967
3921
6058
988
5053
5711
6451
518
8967
7158
3969
8555
6367
244
5584
4924
4325
450
6750
173
3282
1628
3572
1153
6997
3546
8557
2211
7745
8949
7683
8568
6412
8611
3822
1983
663
3887
4215
6262
7728
7336
3238
7552
6686
773
5389
5212
3126
3801
3502
639
840
4988
3275
1189
3225
2340
4438
7959
3271
6759
5895
4855
4884
7157
1452
3215
7081
1605
3232
6500
3697
8664
6703
7389
905
3699
4545
3907
110
6852
1388
7082
1873
6411
7621
4997
7961
8157
8117
6396
3735
6950
985
7955
8625
3703
8026
649
3643
4094
7786
1886
7692
4663
6431
2079
8203
8104
1614
4881
4506
2684
8245
2959
196
4959
7049
6846
7845
8089
6004
2117
1045
5769
2333
6987
8458
7059
4707
8549
4197
4710
162
5984
298
4320
3167
6413
3673
2585
5435
628
5402
4491
1009
2904
3994
3874
336
5338
8661
2574
7369
4305
7215
7080
1323
5492
3195
2966
1762
2386
2179
7361
1565
8593
6558
3531
2377
5407
5098
3154
7152
3914
2717
1465
5504
558
4915
7470
1829
8674
6361
8057
7685
2318
6364
8495
6795
6285
4430
6291
2091
6504
2398
923
6836
8480
8811
725
7099
1394
2774
6436
8999
7231
207
2178
8474
1526
4064
7500
8535
8518
1525
7829
670
8760
8854
576
3909
1043
6059
8038
416
5796
5309
7045
1552
3352
5186
834
6094
2983
7326
767
5139
7421
7977
3804
7863
1011
2958
7660
690
1414
4346
7547
7235
4914
1977
5768
1203
1398
3501
6842
6872
4107
1467
1310
732
5000
8616
1158
4250
2413
2356
8764
157
1022
2062
7604
2457
2954
8233
5002
8922
4550
8240
391
7649
2094
3613
8159
401
1411
5987
5470
2951
5153
2977
974
8753
3496
1535
3906
2817
4158
2544
6641
7828
7859
8337
8619
3123
421
3933
1196
4361
2912
502
2459
3185
6628
4348
5097
2443
8332
6409
2197
3318
6271
7915
2829
1517
2002
1831
55
2892
3413
347
4205
7940
1795
8387
3106
7699
8690
7106
1668
6296
1521
727
8677
2073
8006
3689
5828
2883
6414
4241
4784
5506
842
234
3895
1704
2314
1240
3991
7175
4549
6642
2072
314
2374
1814
1393
3458
6519
5439
7449
6532
3470
6550
4440
932
1777
2171
4229
1761
6190
1462
5885
5586
2992
4093
1869
8787
4678
6439
2963
5814
4617
2645
3468
1077
1117
8817
8623
8489
1128
3521
7879
4982
2576
3115
8326
1547
3517
503
6823
8361
7324
5988
8035
5369
2930
3314
1404
8767
4051
3911
7273
616
80
7969
4403
1049
7314
2547
1788
1072
1854
7330
7064
4882
4785
715
1844
6149
3996
7416
8297
3751
3901
7170
944
3590
1558
5766
7067
1846
5431
2220
2692
2068
7166
6768
257
4841
8155
8334
6333
524
7975
8192
8501
83
1146
8339
2241
4452
6821
5679
1089
6584
7002
3957
583
5662
646
3833
8865
8657
3024
3340
4395
4246
4225
8502
8669
3711
4964
6617
5736
1912
5123
8066
283
2612
3892
1598
5195
6922
4040
8654
877
4323
8821
7755
5964
3975
2840
1438
6057
6138
3714
6522
5511
2852
8415
8272
4392
4267
7704
6561
1540
6818
545
8338
2592
3563
2025
1624
3424
3550
1834
5614
5589
6988
3815
608
3676
4492
447
7866
6862
5519
7246
3768
1266
2236
7365
7046
7042
410
6543
1487
8268
2767
3205
2104
6955
1492
4167
4367
2016
6188
4402
784
1518
6732
3462
6735
2842
6134
6079
3576
299
4058
3589
2551
2940
6102
3014
693
6069
6421
7589
3529
504
117
5676
7839
3029
2189
2832
6050
184
2921
2266
8129
174
7419
476
2410
3441
7102
5606
989
1329
1432
7663
7147
8086
6278
8963
1801
7183
1272
7186
5325
8708
8491
5655
448
6303
4848
7625
1142
7667
1014
4553
1905
1599
3873
5998
226
8063
8646
7634
3549
454
3253
3920
6578
7263
3452
8716
3052
2298
3813
3361
3182
2326
5132
2873
3081
3649
6751
1663
7023
385
4996
8572
1563
5845
763
165
4441
1556
6393
5562
737
3755
1369
1469
3486
5640
3159
200
1950
1088
2887
4413
2964
2519
8098
656
3371
2284
1342
7384
5911
142
8208
1572
5905
1944
946
2941
4507
1225
1423
2581
6859
5617
1428
4390
2152
5745
1811
2409
1804
7830
2533
5729
6629
3411
7053
1232
4035
5985
6699
8957
1733
6014
1972
7757
3665
397
6106
8524
5150
1754
8105
8754
1212
3461
5780
7092
4497
6064
3854
6819
8195
5778
4451
5198
4329
4485
376
8641
3412
7172
2393
3351
6762
6581
7255
6665
8060
2734
6538
8181
6666
2781
6318
5599
1560
6623
2452
1275
4579
1377
5648
5332
2430
3402
119
1885
4217
1519
1478
3223
7450
1988
3133
2704
2396
8045
7168
1922
3541
3515
1783
2976
3473
150
7917
101
3089
2722
2212
1376
7736
6979
7482
1475
6953
1341
688
7110
4822
2638
1389
6466
4910
7549
7737
7815
3056
3961
4373
6071
1016
8442
2270
6868
8302
2209
8972
6615
7374
4691
4735
3283
2543
4787
3350
5580
5032
3838
6650
5636
1419
595
3879
4339
8499
6803
785
6798
99
6128
4985
4098
5685
3025
1042
3397
4309
2345
3928
8037
6756
4046
6034
8546
7890
5651
6444
2144
1345
1380
7894
7437
7213
8406
5564
3581
3136
3189
7844
5490
2134
1281
8575
4221
1634
6360
8638
2089
8370
392
2690
146
2385
445
6890
8161
5251
6132
2449
3448
3851
910
3561
6566
8182
8413
507
6869
4389
3727
1335
5441
7456
2308
4723
3600
8270
694
412
7983
4719
459
7496
7275
467
4262
1501
6747
6619
4148
919
1425
7813
2914
2785
7986
8833
129
5168
1522
5991
4085
3986
2535
24
7514
6292
3532
2293
4990
3050
6309
1254
8375
8441
7592
8506
4287
4998
7000
4290
1784
5308
5630
1956
1502
3642
6327
7128
7357
6348
3060
2343
7535
5556
187
3758
6006
4521
8321
4044
131
572
252
5975
5522
8744
2283
5821
2231
7169
5179
2082
6916
29
3320
8758
2884
872
4356
4961
621
5552
7594
6718
1218
3740
5561
480
6487
264
4192
6687
291
6551
4642
1295
6884
3770
218
7531
4558
1063
7076
4328
2616
6991
6063
8739
4471
8621
4374
5894
823
6649
959
6731
3829
3698
4559
605
1610
1099
7415
3778
2010
2542
2421
2312
6518
2185
3919
1718
249
7996
5086
3682
8292
8232
2300
6657
6376
676
9000
1533
2548
3982
7370
168
8251
1654
1638
2112
3488
6754
2363
2299
7385
8582
5084
4478
1110
5275
7220
1415
7048
348
7620
3376
7738
5823
260
3554
5779
5025
5610
6229
7352
3416
3942
4331
8329
1652
6191
6445
5649
1424
6993
2475
1303
3149
573
1066
4420
1129
950
5801
5683
567
7163
6933
5463
1575
6274
8257
398
7884
667
2995
7804
4021
5100
3173
2680
4874
1412
5836
5267
7775
4513
4243
2315
1700
4552
6863
8348
103
7524
1817
2979
6886
4135
2316
1573
2641
981
2526
7695
8505
1584
1875
7308
8937
2809
8995
6591
5047
4310
4792
2731
1968
4816
3431
2545
7572
4030
5006
6286
4499
5082
7405
3604
3860
4237
3210
1792
5601
7601
8676
2076
5677
5557
6118
2990
678
5376
5715
3398
6914
7027
564
1092
4337
8782
8857
4780
430
3705
1378
2894
3820
3670
5937
3935
4302
8020
1809
4627
267
6030
5284
4278
1759
17
1464
6820
8381
6029
2561
7788
3177
6219
251
6636
5033
2677
256
3848
3760
5112
8837
4459
6316
4898
2713
7519
8275
6434
2384
4470
124
7350
342
8590
7718
4382
6598
5803
5451
8668
4633
6683
5344
3905
581
7659
4074
2642
4419
3269
4421
8354
7251
4644
8171
5596
2058
6307
4569
237
2671
6647
8628
2373
6472
372
5115
4615
6825
5664
1322
3227
3400
827
2567
3543
3251
7773
3328
8828
1304
4049
5496
2242
4745
8919
7819
5825
1012
5699
1579
3988
3389
4975
5387
6648
1781
2400
6704
6725
2916
5879
7908
8986
1973
355
4913
408
5348
1543
8529
3862
513
579
7767
1859
7501
7820
2342
1939
7140
1228
5590
859
2854
8813
1274
8553
1709
7086
456
3490
3484
6763
4976
2372
6315
5656
4754
6381
4017
3044
8992
7981
7378
8033
973
735
4311
7946
3480
4070
4600
4375
762
1725
6723
2087
1400
44
8598
136
711
274
5141
2879
1486
6506
8612
6805
5487
7280
229
875
3434
1617
7425
3745
1435
179
3899
288
7758
856
7821
8355
837
1283
8581
499
6405
738
6000
8730
610
5440
6956
7963
7903
6365
6774
7122
8874
4543
3971
2588
617
6077
4298
2988
3769
4718
2970
5453
8421
2658
4255
2931
8405
8069
5687
8685
7438
4232
6037
3679
5603
2554
4012
5127
755
4159
8577
5548
4987
1183
3435
6563
7671
395
8164
8487
263
123
128
7095
5070
7883
7057
4464
2110
8991
5792
7136
5096
3342
5328
3810
141
2825
5800
5788
8542
4283
6761
7944
7729
1713
5448
4760
2086
8579
8769
6252
806
6169
2165
2206
6435
1918
1597
7653
1971
3943
8333
4934
7918
3944
1044
6335
5279
852
733
3990
3270
3137
3290
2055
6716
4371
6171
7223
2686
1439
1580
7471
6888
2204
5035
6126
8252
3432
8889
2724
5784
4825
5671
4767
7288
4750
6263
2952
4695
1374
3777
3656
6345
6438
8563
7654
4693
1362
2464
5379
5352
6782
7886
1946
5641
1994
7472
5476
4448
3951
5498
6767
382
1148
5020
8025
5999
4219
4533
5416
3674
2405
6923
6523
5518
3706
3239
7952
7876
5583
4639
7104
8108
6238
7723
4860
3789
6467
6838
1025
5107
3605
5410
971
6125
742
4061
5384
4654
3135
7467
6826
1320
7006
5151
571
3479
6242
666
2007
2946
629
1348
4992
3967
3012
7682
7414
1301
7411
4482
1529
3327
5805
8932
2530
333
5624
6054
5162
5366
2347
8382
6497
4737
2219
8227
8849
7850
7831
2302
7446
1291
7284
303
1355
1882
8456
4289
1289
7797
2249
6764
797
6693
4418
6700
1041
808
5181
7010
4120
830
7291
4616
4327
6622
5206
6758
4087
442
4195
1963
7292
7899
6389
4578
4264
4368
5298
287
3888
6068
1352
3869
6254
871
968
3332
1347
7550
991
1163
8614
6990
5713
7871
2431
3344
8112
4334
2796
8385
2719
6777
4688
6459
4943
6673
3598
8939
1989
5225
3742
1606
5692
6681
7714
6112
3266
4889
5317
6342
782
8851
3150
7585
1139
1916
4842
3174
45
5949
5196
5341
5500
922
6025
3897
8540
7887
1803
3722
7856
5018
5995
7934
3835
6115
2234
6158
1365
5356
8123
5346
717
1893
8277
4495
703
7489
1855
1862
5962
2046
6715
7434
780
972
6559
4806
7953
3279
15
894
1279
5403
1538
6266
66
4089
7188
6915
1562
8859
4191
7032
2415
3155
6706
2662
3026
5364
1931
6002
2945
4475
370
3404
5418
6752
7517
8794
2175
4865
5306
7242
4620
1441
7812
6973
5619
8987
5452
3221
4480
3945
7468
6719
7662
6087
8985
1097
1825
1828
8763
5682
8607
7406
2232
2957
3585
8165
4717
8212
4295
7624
6970
5363
2470
438
8408
1372
1067
5921
5165
7498
7865
4108
5593
4226
1336
2276
6940
1945
4479
2705
1248
8492
3627
2925
8087
5320
8942
1250
3068
5877
3583