1958
6705
6897
2367
4546
6940
2393
807
7531
4595
293
1384
3944
6638
48
7472
4163
6664
3182
372
3396
2472
2219
3897
7983
4100
2135
4578
3728
5922
7260
824
1743
2251
6779
1135
1142
6213
3566
4467
619
5698
3407
6212
3351
5457
6689
7338
1120
1546
1915
6733
3836
996
7767
7492
802
497
5569
2967
2862
7281
3633
5897
1353
6933
5781
3475
1569
2763
713
578
4577
416
2392
4390
256
7439
6351
6625
1784
535
2066
4625
5752
2725
1476
1104
733
2521
5518
4634
6800
5276
5187
4004
7375
7849
138
4985
3725
5386
2312
461
6277
1786
1366
2802
2654
2953
473
279
87
6041
4508
7417
6660
363
7662
4552
6823
7827
6184
3183
5442
2889
7356
5616
4039
4949
223
5258
3687
7442
4972
3109
6026
200
2940
3250
7525
4483
4836
5458
588
4735
2674
5880
7870
3901
1886
88
7288
5074
1748
3466
53
276
2475
158
3536
7820
4021
460
7637
6065
6885
5122
7651
3506
260
5644
5873
2465
3041
2994
3258
1410
1647
5508
1975
4414
7215
5701
2349
7305
4088
3176
795
7671
5380
3625
499
892
4597
4708
6306
5056
7931
4645
2736
1055
1154
3535
2671
3097
5851
7717
3209
329
1902
2621
2843
3622
4227
7359
3426
5720
6109
3063
2074
5447
217
479
3167
7885
856
7269
4005
4919
1844
1800
4945
3875
258
7315
1289
1487
6244
7450
1988
7326
316
2447
6507
6881
1067
4626
6835
7148
58
3287
675
4563
2252
5925
1939
7883
4743
6918
6243
4583
4705
7462
7893
3248
6693
7341
4659
543
3460
5776
4862
2965
1378
3416
7543
290
653
1013
2056
3968
7850
1269
157
7048
3804
3599
6083
4294
625
1161
3787
7030
6495
7787
7469
3550
5843
5826
6362
440
454
118
3428
4153
3056
1237
7478
273
3674
3343
7526
5264
7840
3741
5748
4249
6845
5929
7176
3457
923
7817
3826
3696
4338
7071
3268
1017
6535
1804
3470
2848
6629
2403
7099
3134
838
503
3354
3814
4873
267
2157
7680
5119
2530
6715
1461
7449
816
2297
150
7334
1301
6776
4786
3749
3978
1965
7093
7582
7659
3747
6994
4361
3921
7818
7825
4231
6007
3720
4631
120
6409
620
5350
464
2303
3277
154
4033
6548
351
268
4290
1202
548
5985
7517
7301
669
2705
2195
1950
4115
5905
335
6839
6905
7575
140
2912
3308
1537
6375
2771
6888
1369
1129
5269
2897
7079
3864
3731
1732
3905
6412
5548
13
5047
4543
6520
7117
390
5357
4264
1523
1635
3230
4255
6945
4364
233
4355
5139
5931
1512
7806
7332
7333
2489
1009
6454
4363
2406
2141
7765
7229
767
3185
7915
4062
4868
5974
6249
5709
2196
5864
5876
947
347
5081
7810
6547
5840
4142
2172
1788
7265
6988
766
7975
3569
4663
6493
1427
872
3922
110
1164
4562
846
4268
4385
1870
5291
7596
2194
562
6157
5572
5516
2541
1758
3530
6743
793
1349
2104
5675
6865
4274
3700
1716
5711
743
3934
4342
3136
1111
843
906
1143
4875
5250
2290
6644
1093
1687
4475
2837
5527
4757
1264
7687
7177
2313
6374
2129
4981
4387
5452
2093
3620
1192
6749
189
4589
2028
4135
1238
5940
5710
2655
583
6793
1579
1323
3065
2547
4790
7947
960
7927
7538
4339
3680
6898
4912
4493
1489
1651
2360
6443
7135
1459
2085
2711
1023
688
3699
2357
2932
3678
314
2784
3591
2253
6262
4464
2669
7621
6512
2460
3773
982
6424
3667
7057
3285
5793
4205
5296
3079
7112
3636
2880
1616
863
773
744
7206
7607
4845
6349
1295
4560
800
2970
384
2765
4834
6395
1839
7173
3173
337
7786
7430
5213
3945
7153
6820
70
763
7211
6818
5421
1025
4646
2448
2446
4271
5434
7801
2411
2439
342
6316
1777
2401
6390
2060
1730
530
4596
3390
49
4048
7339
7351
147
7763
5869
3118
7571
7325
424
1197
2921
20
6087
5171
4151
3652
231
6027
5747
1888
4606
1205
1711
815
5528
1894
4608
7699
5462
1419
2689
6612
5358
6440
7730
7505
4128
4755
3310
990
4890
804
6387
2337
2502
3216
868
6073
4670
7258
806
5364
3019
4131
1021
1511
7423
3500
2930
4867
7617
4746
7181
5263
4803
512
4317
306
4638
6806
599
3537
6474
2814
7077
2016
2816
5477
2835
3412
7191
2169
318
5735
3831
6760
7250
5521
2175
6781
5499
1291
7068
1892
1173
5032
4398
27
4086
3417
376
3355
1174
4118
1986
7994
705
1675
4734
731
309
822
7750
4270
7647
2044
5169
7758
4669
7344
2811
7183
6964
4034
6355
7240
7381
5422
6856
5963
6479
277
4748
7891
5822
7881
2082
2376
3294
2822
2730
6326
3743
6562
2568
5035
5537
2973
6868
4334
5983
3821
3887
4335
5115
3381
155
5239
5033
4154
6364
3670
3437
6407
5704
4253
2595
1387
143
1568
7257
1486
598
289
735
3347
801
1385
7272
73
5260
5149
6113
6896
5620
5847
5167
2365
5402
3647
5584
4472
3125
5331
4913
5382
6491
1209
5182
6037
2052
5274
6451
4700
7156
5012
6757
6739
994
2533
1186
515
1329
1572
5581
4069
1072
7248
837
605
4820
7289
1271
4572
3241
2244
2685
6011
2476
6826
5694
7660
7897
1996
1443
3249
1889
1702
7361
6313
1136
5739
3264
7018
2692
5037
1850
3985
7453
7773
4858
4774
1402
2053
4445
7848
4232
5028
5259
1761
4237
1549
5529
5045
3006
1491
2852
7550
4143
5535
207
6772
6218
600
449
381
7956
3150
7476
2499
7401
2583
938
2333
1667
3759
1150
1760
7718
4187
7182
2526
3623
6917
4932
326
7357
266
3000
1146
5502
4258
3899
7527
6843
7279
2758
2522
7707
7677
7835
6259
4292
3494
1324
5492
840
3051
1856
7380
2021
2954
3540
986
7793
1845
628
7929
4973
6985
2782
2351
3451
3186
6449
2839
5058
755
7128
1740
3894
7913
6926
3866
782
7612
3137
2306
657
6058
1865
7502
6788
2949
1396
6647
6427
5715
2115
7676
7920
6606
435
4592
4182
4730
2043
1137
1990
5624
1434
483
7409
4242
3515
6257
6318
2242
5439
1312
3304
1157
1026
2881
3302
2345
3896
5989
2574
7997
1739
2348
3785
7923
4289
2110
6191
5671
6144
1820
756
6847
961
5376
1210
6661
1904
5770
3030
2033
3191
891
3165
574
415
46
3742
3312
5304
3662
2877
6997
5356
4370
6665
4230
3957
2961
5249
3588
5993
7616
1629
6147
4688
3621
2767
1454
2941
2415
2010
6663
4767
311
6942
7950
2202
5138
4455
865
5678
4243
6787
7042
2926
1170
6226
5613
4481
1542
4072
851
887
3570
4784
5403
7946
6836
6044
6288
6084
2395
31
7432
5861
7916
3031
1106
7775
427
444
6233
6052
5719
2416
4157
1347
6049
2132
893
414
3025
7504
4962
4616
3441
6472
2656
2741
5312
5436
1056
7535
3656
7753
3693
3082
5718
4084
3236
3288
3981
3518
4497
6176
3786
7705
7337
4513
1896
7712
2270
5803
4284
4395
1672
6932
2011
6692
3263
332
671
2076
871
3382
5738
585
107
7945
3793
269
7684
7451
4254
6075
3303
1090
2385
2398
2456
5375
1824
4699
7624
4532
6516
4861
5473
3631
7041
2113
7804
4653
2673
6021
2662
2614
6035
1382
2307
4375
985
3379
1450
7098
753
1211
1754
6552
1884
248
6742
453
1694
1109
3764
5534
5158
5754
2064
3033
4797
173
4468
2369
734
712
7227
1805
849
5941
6950
6766
2163
2650
1957
5094
5953
1310
4947
1934
3289
7171
4003
5349
5314
6631
6505
7238
395
1677
7069
3127
429
3567
879
1602
2090
122
3073
2459
2125
1131
1584
1948
1015
4257
757
5526
2836
2831
7814
3805
542
7650
5496
3488
3305
6594
1619
5835
7178
4988
6484
2153
1091
5007
4162
736
2151
252
2449
7590
1643
2007
1785
7398
5205
5787
5891
2245
3920
3476
2573
6001
3292
1065
5355
5552
6198
2262
3528
1266
634
3734
651
3513
3270
5272
7734
2461
3477
4057
7078
3908
4702
1609
5362
6015
4001
7523
7861
3360
3151
886
7824
7914
6681
4078
5875
6081
3413
5466
3752
310
4448
2265
5708
227
3936
1008
6814
5858
6194
3651
2055
7371
2885
219
3101
1917
7866
6642
3605
1203
367
2641
1392
7399
6312
4060
2832
5132
3716
7420
7565
7225
5910
2302
5262
2189
204
5002
3738
3879
7970
5228
5664
1532
5908
1356
3801
7611
5004
6889
4460
751
1185
2381
5899
1494
4377
5195
6121
2450
4911
7016
1521
2984
3479
575
7169
1563
968
5799
1633
4952
2936
5143
6960
4666
6141
6877
5432
3472
1416
2434
4440
2934
321
1577
1634
6050
5050
5717
7190
4749
7703
1718
546
4406
3473
4126
4233
6458
2228
4431
4648
4184
2679
5321
3757
6078
7054
1256
5257
4459
1646
1156
4452
39
6167
1172
5348
284
4250
3697
6729
2100
1372
2939
3984
278
7636
4999
638
4536
2989
1905
1305
3259
7019
3828
4609
4208
5023
2686
5207
6650
5949
2870
1408
1389
6101
7668
5151
3431
3691
547
18
2908
977
770
1189
5230
4760
3982
2998
2717
4817
1318
693
1618
4545
7556
2990
5240
4101
6582
1275
452
4025
2261
4713
4810
7445
541
7809
3861
2766
5956
5449
3363
617
1334
6767
6368
557
4071
1230
2371
5075
6503
1287
5713
7037
2490
5655
5766
4252
915
7791
710
6518
7873
3203
7002
5726
2937
6048
5277
3850
6944
126
5630
5284
6258
5906
3900
1317
5316
1031
4347
5025
5298
5882
6722
5564
3794
724
6275
4318
3911
6611
631
7770
1768
2236
7728
1922
2678
1622
6106
4976
4657
5551
7631
2092
988
270
3201
7579
2146
4210
4110
7930
6091
1682
2723
2464
4092
2638
3188
3995
2624
6473
7489
825
6333
7862
5532
442
7308
932
6563
4221
2334
4605
4181
969
1963
2457
7587
5913
4345
3525
5152
5268
2486
4139
6992
5943
5342
5030
7233
5221
4119
2645
2777
7569
2390
4117
3116
2905
4965
7008
6544
1444
2347
7096
2397
510
5771
4618
2716
2722
555
5685
7372
2571
7060
1012
1690
5340
5895
666
2677
5293
3430
3215
1463
1003
6448
2218
4833
6357
644
1431
1970
2579
1595
2825
5543
1897
4520
2440
472
1738
5892
6488
4781
1505
317
6033
5669
7080
2726
1227
7304
7995
3400
545
554
1976
1490
7059
7460
2609
1538
1873
1819
7105
7403
4009
6596
6045
2893
5084
5648
2154
437
2749
5560
24
4855
4601
6554
4404
7413
6146
5870
7414
3838
2683
1913
1701
6129
350
3261
1421
2834
2025
5823
2384
6537
4499
3549
2255
3919
141
7097
4487
989
2143
5341
2657
6671
6097
7906
6713
3798
5498
7908
7438
3485
6422
4720
4607
3770
4384
3893
4712
4928
2892
5531
2190
4821
1272
1933
680
6685
1308
4478
7352
6502
5828
5096
4827
3736
6114
3966
2549
6531
4132
1923
3164
7217
7497
7180
5283
6553
34
4580
7695
5984
3455
841
3480
603
6542
6419
4065
4462
6004
4763
2947
1735
6302
5472
6496
3286
4553
3960
857
4582
6721
2733
97
6290
2963
5888
3036
2234
532
7666
6593
6196
6858
4267
2785
313
2488
7692
6775
5979
3198
2504
5636
1763
292
5689
6077
2171
2779
394
6860
1736
368
2099
7466
7074
5957
1707
1358
2184
4011
114
5806
3158
5878
336
908
3076
7941
7149
3952
4469
7961
5425
7935
3486
5079
2593
4019
6461
3484
595
615
5646
6193
1717
5635
6884
6143
4189
7345
393
6464
7764
1214
2788
6778
7760
2388
2474
487
7306
5147
3194
7823
4418
6831
3832
55
6923
4641
7293
2268
5856
6821
3534
7554
4762
7969
1741
3004
35
1035
3487
2589
6730
6795
3124
5190
4747
2735
6314
3045
3594
6018
3464
4544
4304
4327
4844
5211
7879
6123
7415
6581
854
3284
6524
484
4130
2927
4373
5995
2156
1298
7700
3661
3865
821
5520
7506
2615
2070
298
7884
5088
4403
1543
5383
4265
1254
6959
7247
7902
4102
1361
709
4554
5658
6659
6863
7780
3704
7231
6822
5493
4751
5536
4074
5549
2012
7369
1658
4116
4603
1380
2710
5103
3777
1787
6199
676
2596
7816
4017
5111
103
3543
4138
3211
1625
3087
1660
6941
6570
4534
5344
604
6833
7779
4630
7667
7086
7230
3224
7609
6405
2992
5728
220
3192
5204
5945
1028
5394
1696
5886
1974
1744
4214
7390
7909
1032
7940
7170
3927
5732
3039
6350
3002
5649
448
3930
7073
7727
2696
7095
4152
6463
6085
2353
7567
5346
4509
4461
1752
6396
4521
7769
7129
2719
198
7783
7327
361
2590
5951
5591
1390
6686
3333
3797
6754
7756
7992
403
1575
1624
5605
43
382
6063
5065
3701
673
1858
6508
1891
5398
6530
641
4698
2197
235
2948
7768
4000
6666
1995
6577
1249
6274
2271
660
7256
5790
3516
3110
6335
823
7917
5703
4177
6724
3751
7510
2145
5166
7826
7422
3851
5792
4311
2931
5183
1887
2421
2330
5779
4149
5712
1485
1247
4906
2176
4791
4008
3755
4326
5504
4193
4097
4798
1875
698
6900
90
1433
2901
2432
5797
3810
51
1108
1391
2037
3512
799
4526
2720
4522
1219
2694
1336
5778
3650
5763
457
2260
1200
4859
1779
5991
6748
6874
2668
899
6272
6880
1767
4389
6789
2807
249
670
6910
1764
7803
6912
1122
5011
2676
7719
4651
4429
401
2769
5083
3956
1901
261
2112
6070
7633
2289
3099
7115
5413
2015
7168
5693
883
5235
3153
3061
2029
6051
2239
7537
4458
2005
2049
2162
1441
4535
184
6890
5461
7900
2703
4161
1712
7400
4319
4548
3204
3572
6022
4540
1664
5573
6859
21
7219
5809
5339
1121
22
7282
1191
5639
3196
6042
2394
6354
5668
1737
4426
7796
1652
4031
5214
2213
685
6573
3977
159
6703
6939
7853
3835
7198
501
2974
7358
2997
2259
5737
380
357
3928
1435
6188
4849
5761
1719
1952
5745
877
1337
7985
7605
4581
1304
7349
3612
7865
2266
3889
5400
6120
1096
6236
7533
2647
229
779
4160
3225
7004
6356
2795
1
6372
2658
1648
2321
6894
3414
3521
2774
2742
1468
1478
4307
78
1116
4314
10
1286
4804
3440
3049
3732
7329
1773
47
2086
3800
7459
5401
6633
2377
6998
5724
2959
6271
875
2364
3858
353
7938
6828
4667
6585
6094
1733
346
4295
6320
7126
1985
1567
3510
789
3332
4067
1233
3578
7012
6006
5577
2506
1412
1961
6380
3218
6572
3781
4046
4064
5819
3388
4816
7342
2339
3154
7210
1962
3681
6623
15
3606
6010
2775
3771
817
6177
426
5975
5450
4633
3100
5280
7551
1107
1591
4682
2160
5465
4623
3790
955
1919
7830
5918
3313
7284
3238
3089
1153
2724
6669
2324
7047
1953
7749
3833
3335
4685
5871
4576
6619
4771
5445
1502
5029
1642
6
385
331
7978
5663
4054
6872
7564
6203
3050
5064
4724
6719
3653
1596
5210
3032
6096
4123
115
7674
4474
4172
4354
7127
5912
1821
3278
5039
3138
2002
5862
3541
1755
3300
3619
4053
208
4974
6453
7104
2203
244
4199
1313
7989
2069
7214
38
730
1394
254
7968
7010
1525
4956
2122
1357
42
4273
5794
627
7586
3156
1395
6434
2817
3628
7195
3892
3395
4585
6104
5603
5652
3972
1083
4886
552
4166
4752
4014
443
6677
4766
1756
3886
3637
6254
5231
511
6838
4941
2000
5662
2944
3523
643
4013
2666
5463
7317
4840
6716
6755
7027
2078
2762
6230
1941
1818
7196
2400
3707
5010
2896
7568
6115
579
5118
1793
6925
2847
1859
5337
1699
7455
6816
4658
3991
5020
5185
925
5867
7188
4502
4900
4018
1110
1480
4850
1778
7063
5758
2159
6919
780
5955
5831
5887
237
7175
2513
4146
7310
4412
408
2943
3753
3727
4038
771
3181
521
2857
1987
4787
867
4383
1813
6987
6261
5100
5879
5863
84
4359
5645
624
4756
6466
4672
7919
3370
2865
7710
1340
7595
5852
959
5374
307
2770
616
1669
6834
2328
4599
6943
1076
1847
1583
6110
2338
2224
3042
94
5060
3269
5336
4129
7784
6389
2633
7025
76
2240
1060
4933
6929
6824
2648
2057
3461
5970
7591
7500
121
3001
137
3604
5981
4838
7639
1561
98
7841
355
3860
2629
695
162
7855
4002
4401
678
5939
3933
6201
1610
6506
7319
7876
6636
2458
5702
7009
1446
1274
2980
4103
3028
2952
2628
5253
5968
117
4439
5576
7152
1030
2216
1926
5110
2873
1722
3406
3538
4204
28
61
3863
7103
5161
6759
2003
3040
4571
4539
5632
4628
3207
553
181
5278
7962
913
7589
2020
1728
109
247
1484
3415
5005
6252
2248
5062
4504
3217
5365
6550
5407
5194
4357
5782
4533
6381
2644
6688
1878
626
7452
1655
1637
3105
6142
1417
4950
5506
2946
3970
160
781
1536
4587
188
2438
5046
6303
6373
6060
1407
2535
7694
6891
1639
1231
5315
6181
3710
6984
6931
6428
6587
6059
4482
171
5395
3756
5236
1700
4188
5131
7090
4740
459
6586
2278
7638
5801
1790
2950
2517
3365
3226
6095
5027
5343
5961
4696
7829
6504
2023
2067
5996
6071
4679
7192
4337
2443
1836
29
6400
4272
7425
966
3976
2166
1636
6173
3772
3579
2352
1674
3519
104
2258
1801
1644
5815
5077
4386
4144
7628
2558
3239
711
4082
2734
7518
5924
2062
7577
4399
6601
2221
3081
5397
6927
5610
4652
81
5417
6066
7979
769
6446
3665
6344
7863
5038
6866
7232
2761
4349
6605
7363
5497
6953
7557
2214
7303
5209
3306
7340
5933
74
3843
2091
1098
3595
6334
7221
7300
7854
775
2413
1753
6532
3452
1234
4644
3358
5928
6430
6539
7382
3128
4772
951
2619
301
1597
2542
315
146
5219
177
5302
5757
3243
6172
3807
652
5412
1631
3157
4328
2485
1745
1477
4832
5246
3914
2591
4316
5722
6160
6675
7844
6920
4615
4277
1458
7136
3446
4408
1623
7669
3950
6040
1046
848
5459
608
661
3228
975
3791
1835
7740
1338
7436
2326
2680
5855
5513
5378
6653
6150
6861
4517
5108
6158
423
1206
7878
7406
7744
6067
490
524
7899
4010
6514
4942
1729
1253
1582
4864
672
7911
6260
2801
3722
1810
6321
2366
2492
5833
7207
6239
7658
1232
1483
7138
4044
4055
6492
4711
7683
6501
5396
7132
4788
6870
1551
3077
3932
1439
41
2512
6676
3584
5179
6251
792
1345
1343
2120
3454
1556
6154
2215
50
2809
500
1927
2206
5519
5410
1400
2484
6442
3735
2682
5601
6497
979
5523
6130
1997
1073
3748
470
3359
2497
7261
5894
3508
910
2605
4819
2976
4240
6734
1855
7922
3673
2148
3917
4863
6899
811
1935
3616
2098
718
1081
4367
4437
6216
3708
7832
2747
3103
4613
191
2246
4235
2986
564
692
2170
4753
3954
6311
6683
6034
5133
5904
3337
2462
4813
2466
6348
5319
7549
2414
2799
4058
3017
4895
25
2823
7508
431
7641
3533
7632
4872
1557
2008
5014
3438
6840
4590
3848
7193
75
6738
4300
3235
7547
4726
2026
5859
5389
2887
7321
3067
1581
5592
6470
5967
4388
876
1426
3564
3959
1649
40
3184
6882
6047
3949
6383
6347
2588
2301
5353
33
6883
6020
3913
4869
3575
2035
7013
7560
4779
4681
4741
5923
241
2391
6328
6358
4155
4216
5810
3266
3094
7864
6285
7901
1033
4761
1715
1425
6658
1508
4742
1981
5140
4376
3643
5517
5061
3260
699
4922
728
4226
1462
6057
4825
4642
2318
4173
2975
1861
6413
4731
4353
3608
6854
4006
4621
1580
2563
2383
6166
2323
5327
4684
4750
537
1686
1854
2087
4955
1514
4260
4729
5271
3423
7348
3434
2698
5590
2250
5317
1994
5318
2356
3602
5883
7964
1061
6300
5430
7197
5540
3507
3433
7912
5666
3883
1198
434
6023
4934
406
3439
1360
2681
3937
7031
2786
7578
4697
1864
6016
5405
4996
339
3339
7714
3789
2032
3943
1188
715
6439
4417
3802
5604
439
2187
5409
7583
6546
4624
386
486
5837
7323
902
5550
6744
7576
1685
5159
5000
4324
4432
942
1014
1492
4298
5994
4800
7540
2276
6013
4241
7988
2515
4246
5428
3644
5335
3221
4636
607
4381
760
514
3675
3539
5854
4489
903
5571
5367
2556
2232
1771
6169
1422
2729
2378
6482
7548
5670
6111
7212
1279
6289
1195
2637
7934
7407
1229
2759
5916
5104
7427
4775
5926
3501
4125
1447
7856
3320
5829
3639
3750
2453
5707
9
2429
3505
4436
4463
3283
2813
185
3122
6301
5650
1216
412
6330
6408
928
116
7653
900
3169
5377
5325
2106
6682
6708
3988
2597
2854
6103
6366
4888
3827
2570
4568
686
7794
4686
1679
7808
5706
7021
2233
6398
3999
108
3212
1851
1368
144
3279
873
4899
6602
255
6699
4843
2269
7350
1808
1841
726
2319
570
7118
1303
742
7751
4183
7111
6529
3029
702
4453
2451
1814
573
5255
6608
5784
5216
3898
5067
373
1388
7471
1374
1791
5947
1149
7412
3057
4718
62
1725
6965
7419
1867
1292
5123
4904
2380
1553
7145
5193
687
737
5594
4837
7392
6074
6769
758
2263
462
2700
6008
1151
60
216
3322
6627
6270
4175
6555
6284
6247
6528
3726
6331
3611
14
894
4477
1456
5599
5322
5225
6726
3397
531
1697
6797
2511
7987
4042
6293
1871
7686
720
4229
6211
3162
7365
7971
7722
7645
677
7005
5427
772
2479
2845
3946
5849
1992
3323
6139
1002
375
2561
2632
6116
228
5695
2199
2286
3668
5817
6690
1183
1993
4876
5307
196
5930
6566
4105
3432
3906
4807
6616
1769
6149
6483
4926
7429
6286
7635
6190
998
5251
6298
3986
4916
3618
1196
5379
2038
4051
5909
5009
1488
6242
2594
7307
565
2924
7490
3641
7035
1024
2840
1848
3316
6604
5361
6309
5742
1152
2789
7050
1464
2315
4136
5120
4794
2126
6159
7070
2036
1720
5243
5055
5448
6498
7895
3317
1005
5884
3503
7926
2838
6556
3009
5127
6341
1734
6376
2964
4423
1780
2128
7958
4413
7999
3888
5623
5200
6934
4479
7029
2084
1066
5490
232
3973
4007
4806
3903
3048
1890
594
1931
6957
7614
3551
5054
3172
7960
954
7682
721
7622
2883
7291
16
1377
6578
6342
7441
124
166
2173
3768
7955
7774
2408
4503
5097
5431
3632
7457
1442
7998
5814
6684
5788
5992
6371
7772
655
5597
6414
3645
5725
4594
1362
1527
438
4262
7296
3562
253
7159
7573
4975
1306
5101
2243
1335
6784
4443
6875
1251
1868
1455
5999
1826
1573
3026
1654
636
7243
2445
6343
3463
3803
5585
4409
4041
1255
5889
2217
2859
7663
2124
2507
2826
1603
844
7514
860
6061
6222
6420
7254
1089
5495
3003
7720
5628
2107
7322
7858
4397
7974
5066
5286
2532
5456
7053
1087
5936
2469
5844
3695
2427
5373
3098
2544
1184
4871
7331
3565
7043
5832
2803
2491
7237
2014
5988
4759
2054
1379
4732
2737
7271
7752
243
3767
2282
5598
2739
832
287
679
7388
6649
2501
5977
7959
4893
2114
3526
4754
234
6411
1115
1047
3627
4442
72
5791
4661
504
5024
7410
6561
7828
694
6751
4287
5026
5359
1218
6565
1833
1244
5154
2672
4438
6574
2695
133
2552
1354
1160
2
239
2773
4179
7006
4052
4256
5229
4721
4614
5297
6079
2520
6467
1241
697
4637
3779
4660
59
974
6068
5626
5136
4977
4961
1465
5157
648
7418
5418
6798
3459
5501
1806
6790
5048
953
2325
6080
5727
3664
3690
5114
7346
4954
3587
5760
4090
4557
2586
3443
7664
1080
2895
2688
7716
7755
941
2764
6591
1650
7593
2529
4201
5057
3329
5622
1959
7223
7283
1504
6046
870
5759
221
1180
66
4224
7120
1257
4027
7925
2793
7147
3847
3237
6632
6402
3992
5768
3998
6576
6165
491
2291
1128
4610
2760
4531
3601
4611
6938
5486
3583
1960
7038
3011
3307
330
1328
1775
3881
5920
7330
6887
4991
5085
1224
4340
2410
633
5451
2088
3993
5839
2906
1640
7052
6487
445
5660
6152
2317
4882
6235
3132
2167
4228
5163
7711
7051
7493
1037
7746
5168
1705
1693
7903
1781
4998
6864
4910
696
4365
56
4473
1043
5700
3023
7185
1972
3916
6794
5247
1370
855
2281
2362
1239
295
632
5524
4029
1193
7572
6597
571
7062
5391
7167
1141
5279
3117
4127
4695
3782
5189
3679
119
5676
5932
5106
7142
1365
935
4738
7733
4501
3053
302
4362
7845
6857
7939
182
6809
4655
5656
4095
2790
1822
4846
1599
5762
3552
3104
2659
6450
1746
2309
7370
3822
2039
2942
338
4145
509
6780
6426
3327
7499
1176
1162
4815
2346
5411
539
6099
4778
1510
7487
4783
1937
5483
519
2791
3626
7599
5723
2310
5031
952
7186
7246
2625
5774
2808
6829
3607
4559
111
7209
1908
3222
3152
5089
4506
3346
635
7613
11
5201
589
7980
3205
3084
7545
322
7374
5640
1326
2806
6278
7932
3712
1503
4191
7555
1817
5877
5841
4687
5588
2428
5082
7467
6543
6273
5487
1898
4113
5525
962
7665
6961
1589
6377
3274
768
5966
6796
7661
2898
6525
6679
1529
5368
967
7737
5618
6486
3718
778
7109
1815
4024
7133
522
4168
5164
568
5942
4120
3229
4542
2238
4769
4515
4330
2649
3071
5807
3961
6294
6613
1413
2841
4133
6825
4511
1866
4739
1467
1964
6762
1277
6490
6204
2576
722
933
1566
3291
7397
2481
6956
4124
3655
3142
6131
4449
5796
494
36
4997
1571
127
4558
4573
6155
3008
4959
5223
1900
1333
664
1659
4020
413
2304
7081
6086
665
5468
2404
4174
5980
432
527
6064
383
2508
3942
2495
5006
3489
6981
7603
1088
161
6782
7771
1794
6500
3762
830
1124
3280
2305
5885
2772
7179
2743
7713
1321
7015
7160
4186
2548
1550
6811
6982
2550
2041
6468
4722
5334
2509
611
4673
3399
6168
7270
7528
5542
1906
477
7276
1608
3478
3013
7991
5309
151
2130
4802
7601
2634
3841
759
6180
3910
1062
3465
286
4099
6126
2664
978
2812
2753
7634
3969
3842
3361
4159
1921
2131
1540
7470
4632
926
6873
878
1359
425
6817
6849
918
2781
3131
3586
1063
2610
4141
5561
850
896
5404
2119
4236
2553
4366
3495
6954
4776
4206
6382
7316
2600
2869
5575
202
3676
538
2300
1673
1607
2136
215
3610
358
5606
5153
4315
186
5372
6054
7244
6192
7905
3223
89
788
6921
7480
1877
5890
1126
4566
3496
7023
377
3812
4591
3189
732
6485
836
1516
2713
3371
4924
2191
729
5674
3453
5789
4668
4223
5733
5241
4299
1526
5834
5505
2651
6265
5845
1000
1265
6315
6533
993
478
3744
2653
7532
6100
6231
3227
5170
4077
3840
7106
2061
5716
6296
174
7087
4990
3394
5959
128
7948
828
2387
23
4567
7433
3857
3719
4108
1688
5533
135
7061
411
4415
7204
6989
2158
3214
5634
5392
4555
525
5500
4393
481
3983
6651
2063
3367
4234
7620
5637
3231
5040
4336
5174
7907
7524
3474
4427
4022
7656
112
1874
7100
7542
2180
2295
7837
1966
4028
4524
7312
3947
2957
2422
7056
2909
6370
6753
7743
6774
5197
7944
1980
7083
130
1695
3126
835
4380
3246
7843
4348
4925
7483
3761
2431
6571
3940
6731
3391
6967
1860
7813
7679
5310
5125
1169
7318
3962
1630
3573
4283
5786
2147
602
7790
3265
5481
7627
6701
6304
1132
946
1437
6256
7967
3813
7496
3808
7216
6219
1074
2829
3635
3378
5838
274
888
853
6747
1397
5848
2030
1045
606
471
4627
2121
1050
7461
4245
3468
475
6435
748
597
4920
549
2631
3064
2732
584
5638
1207
2322
1671
5692
362
5186
5777
1945
5072
4680
7022
7973
7151
5558
3398
4588
6283
3147
2480
3047
7082
283
2987
1294
1123
5764
6634
2283
4792
5177
2627
2545
5729
1849
1872
4514
5345
1100
4936
2452
6673
862
5600
7465
3868
180
2071
4213
7199
4575
1262
2231
6319
4635
6536
2073
6903
1473
3095
5612
3108
6626
2903
3698
5191
566
1094
1946
5099
5780
4424
2575
5544
1627
17
44
1428
3429
774
3114
3096
4098
2292
4379
7202
4374
4251
4946
1273
2875
3902
2962
2017
5109
3869
3682
5076
5220
7139
5419
7239
1034
4943
3784
6345
1500
3281
3890
5041
4176
6517
5198
7076
1163
6758
2368
6363
3769
12
6246
7044
4405
6179
1278
6639
4225
786
5052
5657
2626
3144
965
7799
54
523
7235
5853
950
7203
5092
7157
3630
6000
4773
1284
2691
2471
6151
1112
264
3161
7039
6014
4484
572
214
4419
100
3197
2237
6127
897
6118
7389
3563
7984
2745
396
2430
6438
4929
205
536
5222
7298
7785
5313
5836
224
5426
582
2065
3106
6392
3275
4434
2373
4107
4303
7966
6901
3617
5677
4109
4879
2205
2527
1398
1666
3491
7802
3740
2331
2778
3328
476
1978
5172
2598
7996
4541
5665
5323
2419
5868
6879
4715
3765
2546
2582
4622
7155
5842
1404
1044
4278
5162
6698
6076
3582
7479
6588
5510
7910
3467
3075
7405
5691
7262
3971
3844
6560
1069
7474
7264
2081
299
2272
6871
345
1240
6187
4744
3483
2684
225
4777
1215
4332
6133
7530
2622
7481
2226
3219
5305
4894
7721
1929
422
3938
2910
4847
6696
639
881
3035
3482
1386
8000
7498
7024
4047
3069
6723
1766
2142
7253
3958
1445
2748
1827
3262
2288
3276
6137
1011
592
1895
6250
5021
4323
4770
4561
5008
1823
7245
3955
3435
1971
5812
3171
922
5927
1742
6557
7426
2794
2842
2296
6117
3298
5783
1515
3730
1352
1590
508
139
5857
3795
4831
2320
288
6134
6276
360
700
889
4963
6599
3834
4619
1077
1809
2958
7976
1765
907
96
4671
1559
3377
3146
164
6174
420
1270
2186
790
7205
4320
5647
1626
5126
4261
7689
1095
4795
489
7815
5566
929
6182
1049
4063
178
7102
1903
4826
550
2505
956
6132
5299
3299
3409
3372
4247
3994
6951
3527
5206
7386
6624
4491
3107
4093
4694
7201
1327
3522
6700
3694
3926
5872
5446
1564
7943
3823
4848
905
5721
5112
880
3855
5455
5596
3867
3112
1968
6803
1586
2116
5464
7072
2407
3178
3975
3963
4518
4842
285
2068
5381
1846
3220
7561
7892
1947
1979
4061
4689
5071
4818
4032
1772
3469
5785
399
2858
2080
7642
2077
5267
723
2866
3055
148
4212
1912
2833
6391
3143
7536
1059
2607
2608
4793
199
3915
5687
5567
3703
5740
4887
1852
3547
2925
3593
2581
183
5332
1145
7519
1954
4891
1750
4650
4727
6709
2047
3123
2227
7709
2804
2876
2483
6003
4134
674
2566
3481
6735
754
4488
2623
1451
3824
3706
7649
2783
1375
6043
703
3596
6340
1371
2564
5414
924
7158
4422
1470
5811
6105
4930
5667
2277
2101
4874
5990
7495
7458
3859
3321
7857
5181
7064
3778
803
2436
7364
7347
4280
6902
861
1548
654
4215
3206
2498
5673
6297
3733
4830
749
2503
6635
1469
1171
7681
3022
1475
7629
1798
4297
794
1638
4344
4218
1381
6224
6911
6526
1213
1315
83
914
1053
1019
2642
6694
1082
4675
6164
6457
2168
7655
2602
1731
6600
5546
2663
576
3544
2192
1807
3657
6186
2212
7320
7951
4192
169
1331
3672
618
7904
7131
7993
6210
3745
334
2969
2888
1430
6136
1843
831
2849
1984
3862
4079
156
2971
4012
4180
4951
5090
5563
2718
7509
4944
3311
5295
250
569
2478
5907
2919
2693
265
125
4507
369
3558
6346
3780
7691
4308
3447
2565
1411
7268
5615
5178
2329
5556
2585
3119
6418
3199
4519
163
5491
667
3324
1574
5952
3255
1869
2225
3245
2454
6394
379
7189
5406
614
6819
4369
3111
374
3739
1057
613
3811
6813
3581
6810
656
5795
1288
6056
2137
5643
387
2712
7444
2867
3524
4165
4948
6655
4889
3068
1105
1588
5971
6019
3815
3590
7447
6112
95
6892
7368
6175
153
6853
1071
3658
5329
4719
5301
3603
7475
6937
1466
6225
6189
4857
1199
2105
5578
3442
2701
3257
1020
6609
4691
2374
2437
1691
5976
6630
4070
2646
7017
291
6322
3816
3829
6307
5471
3542
3904
3924
1680
5860
791
6657
79
5593
5580
3819
2855
2181
2675
5150
3410
5919
6245
304
2584
4549
1220
2918
937
4510
2827
991
5820
2913
2311
2991
6197
6308
5641
2899
5749
7598
3387
3884
927
6036
7278
6995
5937
3021
1190
1103
3709
2819
4665
7194
4281
681
7088
5224
5408
5484
1085
5973
6916
6949
3420
2611
0
930
428
7990
325
3546
6670
5237
3853
3724
400
2945
4430
5494
2332
6024
3233
1632
577
5753
725
2555
1710
7646
6429
5070
1453
348
4664
6025
6221
5541
4828
6966
4296
5846
1293
526
798
455
2798
1204
5938
5570
7134
741
1517
2572
6728
2164
2540
6093
4306
1796
2343
2463
6958
7608
3334
858
3689
3403
1925
7952
3421
3242
4728
6972
3393
1930
3574
1620
5218
3092
1166
4094
1770
131
5384
7446
67
3775
5697
3713
2138
3685
170
1881
6973
4989
6521
4310
7007
7887
5478
6002
3979
4984
1367
2284
3885
7354
6975
3066
4530
5217
2519
5328
5226
7373
2757
5245
5514
370
3059
7172
5180
2960
7570
4629
2559
1064
7762
1507
738
482
540
6862
2178
7166
4305
465
7028
230
890
2567
467
7552
495
1058
4841
1509
5874
716
5130
391
7894
2510
4016
5116
1955
5282
136
3642
5285
6489
3721
6913
5555
3585
1339
3445
2828
5476
7440
5053
2335
7273
1670
4612
1052
5333
1086
3754
5730
2042
5351
6584
201
149
4725
2182
1662
5866
2359
203
3987
7747
4877
2756
2709
4745
4202
7075
2603
6850
2538
1401
6082
5800
92
7491
4782
5121
7745
3592
882
3373
6672
6948
5470
2354
581
517
1373
4878
6234
1842
7121
1029
683
6460
2518
5275
7889
2372
2417
5248
6815
7299
5176
1383
7034
1683
4957
6513
7623
4480
3384
6238
3380
5680
2279
2433
6510
102
7546
4026
5098
6610
7558
7058
2824
271
3511
784
3425
5326
7114
829
1928
7610
6353
194
706
6122
410
916
4037
5424
4076
6223
3273
6589
1803
3597
4402
2844
6786
4471
981
5661
2776
4485
3799
297
349
251
5469
3806
6325
3825
2635
1158
5586
6455
2606
2072
4220
1628
6153
6214
5511
7411
6519
172
5156
6282
544
2004
3939
4927
7520
5385
303
3935
934
7513
6220
1614
5288
6433
7396
7119
6846
6801
4870
344
6397
1127
3411
4211
3818
1838
1342
5743
7162
7871
7065
6668
6756
3402
6417
4525
2667
6768
1989
3931
847
6752
1316
2800
1479
5921
1252
6299
6558
2273
3671
2097
7521
409
1837
1440
4550
7286
2079
3870
6423
1999
6878
4209
1472
2690
649
3497
1501
419
963
6607
785
6124
7125
1991
2150
6575
6205
4266
6541
354
6481
6055
4538
7464
6559
921
5821
4150
2956
5813
6615
2198
7515
7877
1797
3419
6452
3405
818
1795
777
2188
7766
1167
7602
3509
6161
4701
7089
1457
2496
7807
764
6783
3774
5454
3168
7600
6969
496
5651
2525
6217
2193
5018
7313
6295
7754
1246
4244
4147
2211
5901
7726
1587
5102
7454
3545
1496
6388
3589
885
2287
6736
1914
3450
3163
2988
7859
1811
2336
2358
364
5294
2275
132
4805
3839
984
6323
4918
2639
1676
6248
3974
2046
6761
2933
1075
2018
2412
6445
4043
6032
1409
2040
1932
433
5437
3997
320
714
1348
5950
7290
1285
4677
2185
5850
2665
2316
3989
2746
341
1016
7933
392
1657
507
7626
3240
7468
397
1973
5044
492
1713
2405
3556
7443
6983
1102
2704
7735
4329
3746
1604
7482
1144
1474
7141
7805
6268
2247
3296
7224
226
7685
2536
6170
6946
2557
7387
168
3686
5948
7776
1692
3640
4969
65
6720
5482
587
1155
6125
940
1078
2435
7428
2768
1893
142
4466
6200
997
4966
7234
7644
3005
6564
1332
93
6648
662
1243
6568
3660
7972
4676
441
1405
7847
7473
5690
2882
6996
650
6378
7130
6459
7101
7868
99
3368
4276
6263
5736
6360
5078
4454
668
690
2780
5068
5134
1222
2389
5741
7918
7242
4703
745
4248
3247
2902
3282
4570
3319
4036
5827
3252
3571
4898
2108
4450
4839
4185
560
563
3941
7697
3880
7150
645
1118
6746
4396
1039
236
2731
2155
3187
5775
493
6740
5308
6102
6841
1558
3353
1554
4600
4709
7574
4649
2241
2894
2423
1497
30
4322
1351
3352
3315
5227
6986
1612
4853
4302
5087
4958
4852
463
4937
529
528
6614
5270
1883
3614
612
7236
2201
197
7393
4056
2978
1449
3135
7140
3271
6893
4104
5137
474
3139
3386
1018
7249
343
5934
1041
2222
2409
1420
2094
6907
3912
2379
4785
6089
1653
3499
7874
5746
4717
123
1724
7708
6802
4080
6404
1280
2810
814
3179
1776
7670
6869
4198
7045
2920
5188
6207
6267
6208
6678
5338
5073
1355
3115
5944
7137
2853
1518
7362
4263
1668
2580
3766
2350
4823
2165
7511
6005
2455
192
3666
1709
6732
2577
2299
4979
2916
4435
1613
659
6012
3177
4433
6704
2562
7704
864
3907
5192
7324
6029
4733
7954
2851
2034
4814
7563
5587
2531
1147
5003
7851
7208
3498
3953
1977
6477
1570
6069
2256
4654
1346
1182
3554
7353
3190
6737
2424
1918
6338
4447
2884
3925
3471
5688
1330
3392
4207
5175
2797
1641
7110
5972
6707
4114
4995
5113
4593
1812
3062
7778
957
1703
2127
7477
1598
6750
3357
1101
7875
6092
6618
2399
6641
3444
4964
5987
1656
7738
7049
1314
3830
1221
2554
7067
944
4425
898
1704
2516
68
4456
5684
4993
1585
4639
2539
3948
4968
640
2229
1036
7026
601
4736
5824
948
3873
4111
2630
1245
7795
5607
5252
7267
4693
502
2267
637
4492
1828
5051
2864
6305
7789
5093
5964
7003
3016
240
739
3037
4030
6745
2951
4416
7252
5013
4331
1522
1708
4643
3375
7657
7108
5290
1726
2643
4551
5366
7377
1223
7107
2985
6886
3024
7516
6710
1920
4288
5769
7798
5559
447
7534
5208
3141
869
7581
6538
218
7437
5042
6963
658
63
4279
5522
2620
6202
3553
7584
5423
2699
2879
7124
5232
5798
6232
2904
175
3155
5574
2123
7896
1757
5617
6717
5303
2890
6791
5022
4737
6421
6352
6447
296
2183
5547
7888
1951
2220
826
105
2900
456
6792
2402
2280
1495
3349
5614
2425
402
2599
5553
1876
6361
3462
4690
1311
1513
2426
6336
3872
2298
2907
4285
6324
1863
4356
6162
7652
7360
4486
3557
1967
5583
7486
2715
2935
7678
845
7
2009
5705
1054
1344
6135
262
3366
1880
1747
6654
7529
7297
1493
7882
5184
4980
4286
6432
842
4325
5557
7241
3929
5773
1177
2543
6645
5043
6706
7379
7981
6038
4382
740
4982
2031
1714
1949
5369
6545
4640
1706
7085
4885
4914
7886
352
4081
6603
909
3548
3492
5292
2874
4341
4579
3493
2981
1079
3715
7688
2174
5898
6765
520
2687
590
4121
874
7431
210
6280
3996
2915
7800
4574
6785
3338
101
4190
5480
3149
4351
5750
3232
1782
7055
6292
3314
134
458
5300
2482
920
3683
704
5266
4378
776
4617
6072
3659
3034
819
3120
6332
4217
4352
6471
3684
3350
1911
7949
6255
6764
2604
2200
6291
4953
6494
4015
3362
4620
5438
5142
246
7731
4897
1665
7032
7654
4881
7741
3326
6691
6579
6522
2820
5865
5609
4321
5896
3054
3070
6540
3852
3180
6771
113
5755
783
5347
2204
6908
3254
5146
506
7033
1138
3576
1302
787
5202
3577
5539
2636
5160
7094
6851
2995
3174
80
7343
7821
6281
3195
468
4851
895
371
272
3342
4073
3520
1721
5611
630
5881
6475
4915
6403
6329
7729
2102
859
37
7836
4164
294
4171
3060
1263
6979
3424
3783
7507
7309
797
3020
2161
7812
1319
2293
7559
1212
3129
6227
6968
5714
1038
7630
4371
5654
1258
1499
6777
1429
2149
1969
5917
6549
708
2528
1533
6317
365
52
5627
7366
7698
7122
7732
2257
2891
3729
2752
4716
6904
4470
1600
5625
663
3580
3340
949
2751
4457
2230
5503
7797
7494
6805
2592
7781
57
1242
2886
6266
5148
5554
3159
1297
3408
7218
281
6617
7335
3878
85
2738
1910
6240
4203
1907
3817
4528
1759
2537
7384
5512
3613
165
5141
26
7761
7619
4516
6952
5816
1606
717
129
7501
4764
6697
7715
7084
2418
451
6915
176
6241
324
3330
4529
5659
2616
1452
2755
622
1181
1789
7512
7860
1448
2708
6039
7759
5390
3980
2111
3121
610
245
340
3331
936
7588
809
45
7355
1774
7220
6401
7416
5107
3213
1802
1519
2818
6406
593
5962
834
3634
1576
2144
3193
3560
7838
6580
3820
2051
7872
904
4714
1236
964
4780
2473
7154
469
6832
6567
1290
5059
4983
7287
1418
5105
7736
2207
4710
5429
480
4178
7562
5173
2013
1133
4978
7046
4
7585
7285
884
3874
3130
3849
6393
7174
3234
5
6156
7757
727
580
4197
6017
6924
1403
4866
6741
1899
485
7163
7424
7485
1235
7811
4170
7788
6844
7839
7597
3422
3072
319
7890
7187
2999
6515
796
2045
7213
3170
4796
2467
6527
4939
812
2923
5946
3654
4275
3210
5568
4960
852
5117
3436
6228
5124
3702
1834
5507
3609
7275
7164
5631
3208
5765
3043
6399
7294
5165
7748
1723
2792
6009
6140
1520
4707
5001
1282
1481
7673
4586
5420
5265
5672
5443
3427
2493
2059
7544
2109
3093
1882
4683
6680
4269
4350
533
4148
1322
3145
6509
3796
7592
3295
6523
2327
1530
4758
6359
4498
4122
2815
1393
4811
7777
7965
4293
5653
6337
752
5731
2294
513
7266
1531
7011
7690
2534
4801
1983
4372
559
4865
5273
7484
6848
901
2727
4444
7435
750
4106
1555
1830
6310
6592
6436
211
5095
839
746
1260
2370
6718
4496
3175
5360
3088
3677
6640
1565
1751
5212
5903
6462
701
4799
7378
7277
7833
5354
7982
4812
1681
5582
3951
6367
2470
4035
2850
5633
1862
4446
6031
3404
1179
1909
6030
7165
6725
3532
4902
5595
3166
4238
4662
7693
5958
596
3882
6628
6947
1436
3083
2500
3965
4040
6569
3012
629
7383
3102
1853
2382
1376
1617
4023
6867
7228
4441
5244
3600
2860
5215
5371
747
3846
5914
2386
6980
6444
1534
6365
7724
987
2707
7615
2754
7463
2706
3648
5433
6906
7036
1006
6185
1341
2996
1004
7819
3456
195
7924
1307
5515
4678
466
3809
2022
6763
4059
2249
6237
7880
498
3401
1148
1309
2721
2914
4896
2048
3356
1320
5960
7742
1364
1698
1799
7402
2050
6595
418
4512
5254
2982
1594
3891
5287
5199
1225
761
4169
3
1001
2660
1139
1051
1528
7701
3967
5825
5441
691
6930
1578
308
6431
6852
1924
3448
488
356
992
3160
4986
4392
4140
4829
995
2179
389
5485
6643
2083
4768
7404
2274
6909
7503
7295
3058
1027
6804
2420
3078
7625
2979
5808
4789
1944
2977
2058
6662
689
1940
2133
417
5915
3383
1424
2618
3014
5562
6437
5902
2494
2342
1084
6620
6656
972
6386
4075
2578
4301
5330
7251
1593
1539
1042
7092
5460
6171
1438
3256
3568
7898
7040
2210
2235
2468
3490
1250
534
378
6339
5399
976
5034
3737
6209
6590
7541
2139
1259
6842
6088
3705
5306
4994
3669
6441
4917
2140
2587
4692
6148
4647
3389
6993
1134
973
1592
5069
6178
209
2514
5080
4087
7846
5830
3344
6499
6379
3876
2640
6976
2560
958
6978
2911
5619
3504
3325
5363
827
4935
5804
4222
1415
2152
971
4291
5453
5965
4196
2477
4565
3318
4391
4808
1544
6646
3272
5998
4360
1406
6476
6991
8
6974
7566
4313
6465
7421
1099
6895
206
5686
1689
2750
6469
2103
945
2487
4824
6385
1296
5935
5602
3776
7255
7937
2001
3418
5256
4343
5767
6478
4923
1325
5679
3877
518
4167
1097
1816
2938
6534
300
405
4137
3909
1482
5016
2993
6714
407
2928
6914
7675
5900
5017
7594
1414
1560
4854
2805
4194
5036
1829
5091
3309
3529
312
7696
6711
7000
7292
5997
1663
1070
2601
3871
4091
1187
762
2670
7367
1300
3854
5311
5015
1749
19
2355
3364
3348
5488
3267
5911
6128
5233
3133
179
1040
7921
3714
6727
190
5234
5475
366
5699
4346
328
4564
7001
6990
7488
3085
4421
2134
6970
6098
4971
4309
558
3559
1879
238
1611
2871
2955
5682
3293
1048
3113
3646
3044
91
1615
7522
7146
5440
3341
4822
646
7702
333
3090
7394
7020
6183
5435
1885
1621
2308
684
3711
1678
1601
82
2661
2095
2341
3531
4068
4420
1283
4674
1165
6702
5538
259
2442
7263
6922
6425
7553
7226
3923
6827
6652
2740
2613
64
5444
2523
4465
6955
4880
4723
86
7739
4451
7957
4219
7580
4527
1140
4765
2569
6928
5370
3091
7222
551
6384
32
4495
7385
5196
3598
6971
1114
5261
5681
7123
6287
5565
5608
1010
1943
4523
1831
5155
282
820
983
4938
4410
6090
222
193
765
4407
6206
7606
7376
450
5467
5756
3895
305
970
4883
3638
2728
2929
7302
7395
5129
3555
2006
6108
6264
4656
2118
4537
2024
5242
1541
7113
4259
5734
1399
4907
2968
5135
7184
808
2846
3517
1552
3253
5978
4569
4089
943
275
911
1007
2856
3717
2612
6215
6138
3723
2019
4394
2441
2917
7066
7782
4358
6327
6551
5509
4909
6962
5579
7963
3918
3692
5086
2830
1547
3624
4940
4239
1432
2209
7953
2821
6622
866
980
7942
4500
2617
556
4428
5772
6977
6876
5893
3200
4096
3007
7434
106
4505
6195
2787
3148
1460
2264
5289
1228
4411
1832
3449
3244
5744
3688
3561
6807
388
3615
7867
5629
4333
586
6674
1727
1117
1938
1217
5145
263
810
5416
7091
2697
4835
4556
5589
2375
3374
4368
1762
1545
4892
7328
7143
6415
6808
4158
7928
2223
7274
2027
3074
5805
2983
1261
7834
1248
7336
2208
3290
939
1276
323
2744
3758
5144
6053
4156
1268
609
1092
1068
2714
1524
7456
5019
621
404
7014
3856
4809
6269
6773
6598
4903
3990
1605
5751
1857
2863
3010
7539
2796
6369
436
3297
6830
682
5128
1022
2872
3663
567
7643
833
719
242
3052
6687
6163
152
1498
2344
1168
2340
77
5393
6621
6637
591
647
3046
2096
5320
327
3649
5545
3763
7311
7391
3845
4967
4494
6279
187
7604
6253
1423
2117
1562
5203
4195
1113
280
4282
3458
5281
3369
3792
6583
7448
3376
6511
3385
430
5489
7977
6812
2972
2966
3086
7723
5802
5324
1159
3788
4598
4490
7408
7725
4860
4908
7869
2089
6999
2254
7618
5969
505
2868
5238
6062
805
1194
4987
1201
5986
1840
1178
5388
7842
7314
1226
999
561
917
6456
1175
7200
919
6416
1535
642
5818
1299
2444
5954
1998
6028
3502
1125
2177
1130
4049
6480
1267
1471
931
3629
623
912
4604
6837
6855
1645
7706
446
5683
4476
69
7672
6935
6145
5474
516
4856
145
1942
7822
4884
1982
6799
2652
2922
7116
6667
7831
3038
7144
7792
4706
1916
1661
1783
6229
4931
2551
4083
2702
3018
2075
5387
7640
3015
4400
7648
3514
7280
4112
213
5982
813
212
4905
2285
3336
359
7852
3301
6770
6107
707
421
3760
4992
4901
3140
6410
4045
6695
3964
5352
2861
4921
1825
5063
2314
1956
71
5049
7986
3345
1936
3837
5696
1363
4312
2878
1684
5621
4050
3027
1208
2363
6936
4704
4085
3080
6119
1506
398
7161
2396
2524
1281
2361
1792
4547
4602
4584
5530
4970
7936
3251
167
257
4200
7259
6712
1119
5415
5642
1350
5479
3202