4482
3268
3505
2566
2784
1483
4908
3665
703
1769
842
911
3040
1067
1475
1121
1912
3920
4929
422
1536
729
4402
2953
250
4368
2476
3095
3104
4229
2633
364
4960
4825
3953
574
371
2939
460
1581
3809
26
109
3661
2908
4974
1806
2738
3618
12
407
1942
3105
534
4738
134
2559
4502
1139
4336
3729
3719
1882
4752
777
4192
1426
3419
3255
1348
965
3555
212
956
3697
985
1278
2399
978
4464
3017
2267
4289
1574
1175
1383
3516
206
3407
2326
4945
1500
910
3629
2927
4682
1257
1156
3452
169
4063
237
4252
2973
2858
4480
1177
269
2023
2131
2726
679
1708
354
122
1450
277
4966
4963
2808
4683
1659
4394
1707
4201
4519
2161
1696
48
710
2333
4305
3836
4377
997
2134
904
1064
2090
3027
252
1618
4390
3470
4509
1477
4517
1791
2242
1623
3203
2550
1431
1393
4026
3913
1770
3240
3003
4572
192
3322
186
1650
3796
1941
2604
121
1723
368
925
3839
897
4080
2085
993
189
2047
2923
4249
4247
4541
3348
4644
3397
2661
687
4781
3037
4708
3764
1503
533
3954
4628
1990
1154
4103
3359
3447
3253
4135
123
4145
1191
1372
3548
2586
2907
4383
3733
3944
2436
1753
302
2805
2123
706
4516
1140
1733
564
3207
2165
2429
1428
3625
1149
1459
1352
3814
4787
2692
135
332
3971
3947
1266
3340
2777
1248
4342
1851
936
3604
3846
1599
2002
1671
437
1759
3328
3564
516
2704
1660
4756
3735
1430
3526
4102
3475
1409
2268
1437
4214
3821
2902
552
370
3794
4451
1572
1870
384
235
1015
3212
3479
152
4936
1068
4057
86
2821
4387
1312
1662
835
2312
3538
2365
3343
3361
4144
3030
1478
4548
3130
1417
2868
4367
3344
464
477
2641
3650
1935
634
3353
3439
610
4977
1226
1306
918
2875
2762
1196
4391
3002
2338
205
3791
1682
2016
1447
2903
392
1690
1857
1415
2478
3071
606
4491
1675
3059
4300
3282
22
3888
1656
3621
1241
29
3902
3260
1587
3085
3575
3689
3568
2816
274
4483
669
2714
3534
2049
4975
45
1829
3925
3098
3841
1272
415
263
4837
3742
4584
4952
3257
4612
4668
299
4989
1657
2186
2793
3062
1640
3090
1967
145
3414
861
4818
1313
3309
4810
3873
3278
3241
2539
735
2500
3546
2205
2471
4225
1138
4022
2905
2339
2305
3788
1804
398
4147
173
3129
3186
405
2526
3737
3993
2246
4803
3183
4203
280
1423
2799
853
914
463
1722
1613
1505
701
2218
1957
4661
2470
565
1780
595
142
4822
3297
1896
4069
922
1323
452
2291
2297
3869
4681
161
1859
454
491
2734
1918
165
2408
2552
1628
4279
903
2585
1192
4461
2828
2361
2914
4382
3603
1454
2501
2467
461
2240
3598
995
2666
1229
4053
4303
571
1980
3987
2452
3648
2740
3213
3579
1013
1960
2967
4262
1382
2056
4629
4524
1318
3938
3693
2337
2101
138
4578
195
1137
386
3451
3404
242
1881
547
321
2187
2627
3079
3
3371
2685
585
1750
541
2318
4146
3513
2964
1424
539
1948
2613
1203
582
3258
2036
2283
3036
3713
900
383
2112
3491
1344
867
1944
3730
1719
4445
569
2151
923
2461
1252
1689
1294
2873
3768
3012
1373
1268
1917
3510
3786
1122
3132
935
2780
3396
4280
4041
668
3173
2841
4835
946
4018
2037
215
3313
3976
1254
4295
2391
3871
2524
1530
3537
4830
3799
1009
4931
3585
1531
4759
512
4912
3755
4866
4545
4536
4208
1712
2216
4653
1237
2515
4780
1375
2140
4693
4142
4167
2497
4580
3962
2981
1958
2592
1438
2890
4042
2024
568
3765
439
3247
1573
2427
408
4836
217
1006
1946
1816
4350
804
1646
3595
3894
4310
4769
3483
2665
3838
341
2148
2688
4624
4962
3096
4757
429
4625
3655
4650
4889
1210
2693
428
1264
3067
1664
553
2951
4169
182
1862
3484
2712
1929
3797
2606
4709
3211
1491
4311
3177
765
933
3876
1052
659
717
1213
2479
2915
1502
583
689
1044
1594
1063
3408
1543
3514
2110
4660
1799
713
724
3736
1566
2870
4039
1873
4507
2040
4592
2109
1756
2132
960
1621
4924
3376
3740
815
4428
3611
3042
3091
2538
4881
74
4407
2610
2623
2901
4223
2621
1326
934
1506
1523
644
983
2078
865
2587
397
2473
2169
4115
2097
1900
2217
2775
810
1554
375
4897
4793
1376
3033
1271
971
3628
761
4926
1080
2307
3299
4040
2581
3171
1007
4462
4503
1370
3363
2397
2590
4440
1043
4988
2210
3148
2882
93
1499
2129
2393
3051
1126
1547
3362
4599
836
1198
1526
907
1714
2818
1442
1729
4719
3997
4375
4920
1577
3150
4236
2341
2199
3472
3485
2996
3745
199
1357
3781
2014
3138
2619
2300
1877
4615
159
4504
1934
525
4511
1418
96
1720
3045
3160
4766
1255
1865
1263
1789
2985
4917
366
4358
255
293
893
1983
4037
2878
3440
1997
3623
2947
3345
2686
2795
2247
4598
3973
1492
3082
2496
1514
141
890
1403
1636
660
1032
4887
227
3261
3111
2534
2166
3741
4677
1739
365
3612
4324
1253
208
642
347
2694
4291
379
3606
1346
2614
1018
3959
3810
85
440
305
1683
3222
1113
3884
637
3834
3182
2986
4458
3835
943
3801
3089
4293
4586
1100
766
686
1463
3232
4925
304
1885
885
1217
3331
126
635
2417
4707
1721
4558
2320
1647
1781
677
1170
575
127
3162
601
646
1905
62
2546
4601
2221
2860
4755
4
3577
1259
4306
3864
967
2154
576
351
4608
4607
1704
4717
2926
2053
746
1497
1400
4151
51
4965
1524
1292
4726
1363
1691
673
4267
3381
3983
4333
2335
4656
1625
4935
457
854
2843
3891
3402
3061
2984
4398
350
1734
1299
4050
1471
4313
4533
3991
3418
3615
3069
762
2833
1676
3895
3375
846
3542
356
2046
1856
425
3214
1678
2568
4954
2944
4805
3728
1343
721
778
4357
4233
945
820
4880
2340
2929
472
4493
50
1176
417
3844
3314
251
2088
4190
3634
3217
2308
2912
2551
1222
4602
4993
3252
3917
4497
1421
1091
1614
2054
1768
2463
4489
1397
4779
3347
3296
2306
3084
4392
468
4021
4605
2696
3544
1920
1963
1561
3100
2600
803
2062
133
2636
1979
1703
4078
4076
2847
2322
2313
3731
4134
3922
4685
33
2952
2236
3315
5000
2523
813
1369
2045
4326
3044
202
3532
4894
67
2103
3497
4768
3448
4055
2644
3273
388
2038
4031
4566
3358
1560
2556
2327
2735
4915
4284
2695
1322
2767
731
917
3274
2491
1831
4259
3883
2214
4527
2003
3355
4798
728
4743
4720
1464
4613
1632
690
2720
1356
653
4020
4056
4492
1540
261
4199
41
828
4411
3807
4876
1283
4784
4230
1171
1066
2255
4152
566
577
1752
275
845
2786
528
2637
1694
4296
4111
604
359
675
294
4432
1167
401
3307
346
2553
871
3350
4675
3433
1954
864
2836
343
3367
3956
2815
3454
1012
4131
3218
2130
501
542
4843
1542
4622
1633
4081
2050
1187
3445
497
4366
3131
431
4715
2208
3952
309
1848
4554
4474
4921
406
19
888
3565
253
65
4194
3785
2264
4449
3905
4426
2025
4633
843
421
1992
1726
3239
4934
4573
3829
3008
1631
3753
950
1046
3378
2439
4571
2275
4423
4442
4646
4744
1169
2174
3356
555
1512
615
4531
4430
4334
2213
2100
1975
1302
2507
4164
1390
267
1286
2464
1840
2596
2856
2043
1279
502
80
2629
2253
733
1897
4307
3574
2865
979
1973
2800
514
718
2640
3043
4698
3294
3556
1643
4378
447
2625
3110
844
3722
1592
3287
3773
3382
3682
1473
2239
467
4751
4786
1801
1832
1005
2118
4774
1159
1338
4713
3681
4737
411
1925
1606
2345
769
1568
760
99
4994
4481
2064
3670
4627
2450
4543
183
3999
3337
3498
2456
1033
953
1024
4159
3140
1546
1143
4181
32
2635
4278
2933
2522
4870
3123
4797
3602
832
3117
1860
4986
4790
3453
3660
4740
3646
1805
4374
4095
4119
419
4064
594
2898
3766
3471
1879
273
4011
3500
4971
1461
2241
191
2371
694
3465
751
4457
2144
3249
1155
2705
4085
281
4308
3304
4338
2611
2862
3910
3633
1004
2763
1336
3517
3879
1178
2639
4129
4701
4261
4679
4978
3009
1961
3558
3158
3076
3669
4663
1736
224
2044
1522
4862
4669
2055
4820
4942
3963
1655
4314
4569
1727
807
3885
3493
2061
40
3070
4109
880
2126
4416
2960
3029
4877
1419
2638
3887
3960
8
4001
1620
3010
2248
562
1234
24
1212
409
3388
4028
1479
613
3151
2276
2790
3734
2758
4059
2584
1200
2363
4499
2083
1355
3373
3881
4253
2314
2803
1011
1251
2271
3690
3817
3680
628
1285
3316
1553
3704
4105
819
1949
1127
3861
2852
2022
2834
976
4029
3166
1794
1270
734
223
2966
137
4049
4130
755
1792
3411
174
3272
1186
2689
2541
3038
3549
3251
4453
4283
4008
3263
4665
1846
608
2525
4339
698
3874
4621
239
1783
1764
2286
3780
4561
1774
4448
404
1490
591
1771
2517
2931
3106
2889
4640
1836
1060
3190
4355
2370
1665
4079
664
3747
2608
3911
4947
4000
3900
3909
3266
2754
2173
531
4839
1932
4370
1552
1608
2760
3867
228
1639
4610
2457
2418
1256
1020
2861
1557
1989
3137
1008
3283
1381
3135
2067
3446
795
3450
704
2588
3245
654
2484
4490
78
1010
4816
95
2979
4914
3504
4565
2676
4025
2535
1485
4469
3659
352
2114
4363
3342
257
526
3700
2347
1072
1693
120
2094
1134
1972
4850
3998
3346
1411
3459
1710
4436
2840
4484
2033
4258
792
1467
1551
4593
4381
1385
4380
2433
3189
2956
4077
2317
3221
1901
2168
603
1815
4711
3022
3444
2513
947
1635
3607
2809
942
1074
1188
3267
747
312
2653
743
4985
4539
2851
809
2965
4244
1324
3108
2961
2572
500
2845
77
4814
444
3064
395
1758
1088
1956
310
36
1379
2582
2281
1667
285
546
4903
243
4058
1569
2262
4032
3948
1868
2441
410
2290
1820
4557
3176
216
4256
1045
2798
4010
4849
2919
4273
4163
4911
1057
1377
438
1858
125
1161
1354
3143
1219
1692
4155
1624
1180
753
2652
4804
4874
650
106
4128
4439
4327
4158
3847
4048
4389
2472
4815
3136
1538
1919
4811
89
2298
1107
156
3409
49
2899
6
2620
1516
1075
4209
4896
2783
1207
3951
1384
1404
3515
1172
926
2972
2909
2737
1151
725
4393
2748
2405
931
3039
4700
1796
3115
1673
3486
1398
612
3295
4641
3436
4379
3463
4731
752
1601
2646
2904
2567
1466
1648
249
750
3536
4141
1131
1535
1267
4348
4664
336
4990
3826
4473
201
3046
873
1054
730
15
1974
1118
4826
2702
3979
1446
442
3086
2029
1199
3416
4189
1190
3702
4433
3055
363
3028
3586
3092
2384
11
2330
3035
3916
2662
823
2974
1366
3647
3931
609
1732
2265
3583
2751
4268
560
1910
702
2859
1876
2983
3732
1898
4447
964
3156
4618
4562
1825
79
2150
2116
4444
4749
2375
1550
3387
2483
3915
1724
1668
1367
919
688
219
2850
4476
1824
2713
4399
4222
2442
3859
2848
3539
781
550
1349
59
1395
2356
3305
2488
2412
414
1571
645
2034
3237
2776
3357
3942
4676
4559
2125
2380
2164
2089
445
427
394
1208
2152
1295
3366
4331
200
2135
2681
3642
3041
4118
1999
3986
3798
536
319
1871
4234
1350
3107
3756
3957
4298
2511
2432
3720
1652
4470
4521
3320
3172
450
4205
1604
2599
2543
111
738
1444
103
1943
520
4733
3678
436
4277
4349
4217
1684
2304
1953
471
1027
4051
4015
4982
2697
3248
1070
1913
2880
3918
527
2069
4782
4463
1637
827
4838
3374
1378
1964
860
479
2244
1108
4185
3535
581
2420
848
3244
3461
3561
1239
3417
4193
4884
196
3093
229
1374
4878
3250
1565
1508
3157
234
1797
475
3868
3021
4344
3934
977
369
3321
1402
2284
2480
5
3364
2282
3593
572
1153
4785
1748
498
4172
3054
4764
3073
1906
4865
2772
4535
2854
1225
4964
4384
3982
1496
1744
4227
3870
3928
1626
73
4090
4304
2407
830
1749
1412
68
3914
2071
658
597
153
587
1700
1194
3405
684
2618
779
279
2019
2827
4285
3007
297
3508
1470
2616
2781
3288
4089
3118
3935
2424
16
2529
4288
1019
3571
4654
2934
2334
283
2980
2561
929
146
3760
1224
3937
2157
981
938
21
4886
4639
952
2000
3228
3528
2176
876
3262
1609
1677
291
1273
1517
3692
1611
3277
4722
2779
3424
2832
1849
1061
543
1022
4987
1133
2917
4851
1931
1828
1988
3752
4632
4065
4276
2357
1235
3724
3016
1755
1926
4219
2358
1085
4179
1737
2137
1579
1994
524
2958
4215
3024
232
616
1124
556
2128
1023
4182
899
3616
4245
1634
535
4506
4520
4938
4508
3527
715
3023
4832
2626
1163
1110
1320
4226
3712
1709
4263
117
954
1094
3072
3390
4472
4833
360
672
4981
3434
2791
4882
1558
4016
1311
3970
1065
2724
1686
2382
1785
4166
2575
3522
1834
4290
2018
4494
2527
806
2387
808
4156
204
1028
2512
110
4137
4848
2278
3379
3254
3088
1432
3853
2509
1389
588
4124
649
2715
1179
245
3685
3896
4036
767
3149
2077
3467
4846
1458
4168
4322
4343
3949
856
1410
4250
2122
1955
1875
3967
2147
3890
1469
4315
3329
2015
1751
3169
1835
691
2921
1803
1232
2188
4110
2505
4976
4171
3478
380
624
4806
2645
4863
509
1695
4170
1765
3673
2936
2719
2349
2659
3164
1371
3950
119
3302
1777
798
1209
1904
1672
4951
27
4009
2554
1152
2021
3757
357
1230
4126
2342
3644
2571
131
1793
4672
1314
1387
948
2819
4044
2485
4611
1842
4106
3496
2718
459
1981
4995
4088
1776
2175
2360
1215
3410
4175
3386
4287
3159
2969
1937
1850
4505
1607
3636
4582
4773
1269
4206
4712
2549
3201
2778
266
448
4413
4847
4831
887
98
3303
2555
3599
4269
3531
3761
4218
1950
4012
3280
4183
656
4907
387
4937
3622
875
1921
783
4512
4597
3125
3652
3945
1559
4108
4518
2632
599
884
4046
114
462
1993
2680
3216
2580
2495
2238
625
1204
3170
1809
435
2080
276
2073
2736
3939
2853
1420
2877
1645
4294
1812
90
3663
3281
921
4113
2193
1830
2594
2949
2226
3399
4959
3662
503
87
2011
2494
496
4468
4856
4655
4420
1277
244
1037
4125
4842
2700
4301
1717
2059
4958
3501
2812
3933
4788
2490
1893
988
2233
4892
2448
268
2431
3401
2048
1084
4133
805
218
3195
2516
3813
1595
2206
855
4844
3811
1924
2769
3610
290
3639
2628
3705
4901
1073
1735
3929
167
60
1130
773
3889
4062
1247
143
4905
69
337
1453
961
3256
3474
882
1452
940
4485
2959
3512
4180
1414
4405
2209
34
1399
3334
1105
3667
3596
3981
4736
1702
56
4999
4431
3013
742
4202
1086
4948
282
187
1317
1340
4687
2893
1347
1327
3552
3748
2557
623
1368
1741
1114
2319
3563
3626
895
969
2079
3573
4404
3784
2446
3438
1940
1976
2928
1102
1109
3219
2900
381
3958
4697
4630
3509
3146
4187
2368
1654
1053
4980
449
1761
3056
2042
727
1663
184
2508
1541
3335
3524
2139
3688
322
2142
1590
2381
485
1596
3620
2026
1221
4292
1861
3774
2745
4789
2663
2545
3301
4132
2369
4072
1928
2531
4083
1891
4385
1984
1465
3242
2458
1227
2243
1245
4459
4522
2425
2530
385
2232
2603
620
3049
2364
2460
2402
892
1104
284
4648
4906
2788
3855
378
105
3455
563
4437
2263
4864
2642
1162
3154
2346
54
2145
4706
3020
2149
2540
3711
3227
2237
147
4116
2198
4099
1413
3423
4753
3825
2224
4007
1996
3589
2474
2989
949
4595
1240
102
2576
789
4211
393
3940
1822
1242
1998
4845
991
4149
3553
2765
3842
1909
782
104
1380
3338
2096
4549
2293
2519
1276
3936
2655
3560
4197
3751
573
2510
325
4104
4617
1807
680
222
3863
661
4635
2683
4191
2817
732
959
793
3230
4372
231
4139
2373
2013
193
4465
2052
4745
714
2747
4552
1782
901
523
2943
2099
1511
1482
481
1939
2869
2251
2998
561
4703
499
420
2802
4577
4941
3893
2086
722
4918
2727
4841
4596
1158
2066
1818
2331
776
3269
4373
4603
18
3782
4933
4317
2394
3778
1638
3441
3422
4568
1456
3200
3637
811
2570
4714
3609
2565
1698
4623
3587
4270
4240
2838
2299
4867
4150
2770
3856
1449
1166
1669
490
4165
4438
3122
657
4228
3566
989
719
43
1243
3428
4651
4794
2207
1754
4750
707
4478
3715
2010
2918
3420
3576
3349
3487
4858
4220
4812
1284
2332
4735
3243
4409
3432
3852
3058
3109
851
4674
2937
303
518
3851
2076
2706
2288
2401
1617
2162
693
2489
4802
2
3651
158
3984
75
2548
2117
4074
61
270
2336
2612
3339
3394
1533
4246
2225
240
1615
4067
2438
2987
2377
483
2294
3047
3749
3828
3246
1290
720
2362
1181
1629
2379
1300
4094
2180
699
2677
3529
3205
4275
3126
4221
424
4544
3912
3716
2729
2773
3630
1688
3718
3238
2521
3271
344
3191
786
1600
2749
4791
647
968
1364
1826
1297
1135
4401
1580
3545
1193
3144
1539
1519
2351
2664
4188
233
3802
3155
2404
3442
3543
2577
2462
2789
676
1128
4395
1301
958
1030
4138
3291
3707
374
1036
124
4004
335
2189
2752
1711
1076
2746
1674
338
513
2532
176
214
1386
2742
4777
1570
2732
478
1307
1288
306
1730
1048
2195
2601
800
2440
1359
4257
1258
862
70
2963
2192
4671
4500
3406
4101
246
3398
1843
4534
171
4705
1040
2881
4909
4006
1333
1970
2063
1038
2701
14
3518
2533
190
868
3943
4005
3519
847
4224
1588
1142
84
840
4730
1487
2430
4574
2710
345
913
1293
3391
4216
1521
2813
4556
2398
2057
3317
2449
3506
4400
1236
3511
748
2855
3969
1779
2004
3233
3290
3168
915
286
2447
4297
1202
3858
3695
2249
3194
3121
1908
4576
3026
3530
466
4747
4946
2690
433
116
3492
3684
3080
4232
3708
648
164
1182
1991
4328
3078
4579
3365
1000
1476
2254
3776
185
308
2230
39
2443
4860
4555
2975
4114
2872
986
4312
1195
3886
2136
4045
4589
4540
3672
4316
2323
2309
3597
1968
3656
2386
3197
4657
998
2141
1567
2190
886
3906
2273
470
2871
2295
3907
1097
1305
2597
1977
458
797
2935
1034
4853
1434
1408
1328
841
898
2678
2607
3298
3901
2670
1575
1641
1584
4647
4157
2367
3075
2954
4427
4410
3978
1847
2133
4949
113
570
4809
4495
1494
3300
3613
313
2709
1319
129
1069
2343
1742
1679
549
3897
2466
4686
4441
3210
557
927
1878
2292
1082
2482
1427
495
2421
3815
2988
3698
2657
1388
3352
1699
3413
3052
1951
700
3103
4913
4176
4406
493
4550
1892
912
1145
210
342
3000
1642
1886
2774
2445
4525
4120
1298
256
1017
1605
2796
3541
4325
4235
1136
372
775
3031
3726
488
1649
2390
1132
2245
674
2422
1725
2753
831
1504
1923
3226
3845
30
2285
53
937
1117
802
2051
1814
4783
2542
2383
4212
2035
1101
211
3311
3594
994
3185
4241
2829
482
4341
2012
1416
2502
3187
3318
4537
3865
3495
966
157
754
3324
3964
1746
2477
3775
3743
3668
3174
4638
2212
2270
2674
4086
1987
881
4396
784
1334
973
984
2409
197
1883
2518
416
1869
4754
1051
324
2598
2082
551
2731
4587
181
4514
3490
916
2068
4799
241
340
4704
55
522
3965
2785
877
1528
3559
1275
2006
1260
641
852
101
3525
329
2200
2258
1817
4421
1839
2444
3139
3310
1762
4369
3206
636
3330
4899
1098
517
3703
1507
2797
1936
265
3128
951
168
2372
3658
1211
3849
3215
4365
37
3975
4680
3015
1938
2191
1201
2428
3481
3087
1144
2993
91
2296
2593
4973
2058
339
2537
1249
3812
3457
188
4019
540
749
2115
1353
1576
834
52
4207
1747
115
4567
586
2824
4092
1329
2744
3641
4450
353
38
2574
451
1246
3683
3427
1002
4673
4513
1501
2822
2104
4795
602
2256
4017
4174
3968
1231
3473
652
112
4239
2159
2274
3631
1895
1670
2481
1978
1351
1146
639
1168
2215
1189
2252
3400
1218
2728
2027
4801
4885
1090
4265
3099
3645
2835
3605
1509
2354
1952
3679
2668
4883
1529
4992
3892
1788
2717
1778
4422
3134
1837
2707
548
4968
850
4052
1525
4854
2879
741
3820
17
315
2982
3083
4123
4351
3554
1089
2569
2359
3533
225
4486
4996
3319
2098
2528
1495
1827
3994
1493
4272
1864
4251
4356
1055
3930
4696
3229
2876
681
4084
529
4658
2170
288
833
2009
3903
4329
1481
446
358
3582
2302
4739
896
1029
2329
1520
2671
4529
4923
939
1790
1468
1096
4694
4443
4998
226
894
2001
2932
2941
4824
4800
4335
4282
1062
4583
538
2454
1498
58
987
175
3632
2826
2930
3161
763
163
377
1772
3351
3816
2087
1228
1911
759
2321
3494
3202
2465
4112
838
3908
3875
4796
4160
2573
678
66
4487
2948
108
3904
391
4991
3292
2617
3818
4857
4030
4765
1280
579
2583
2624
3995
194
816
1555
3464
2687
2475
399
1296
207
2520
3147
2673
837
590
2413
1440
1515
869
3460
330
1513
2910
3992
1337
3866
3572
2178
662
1687
3758
1902
4606
4352
238
3990
3053
3477
3899
4023
2801
2733
2311
4724
4871
545
1854
4127
4070
4286
3270
2031
3032
4827
2344
1965
4178
3188
825
4530
4626
1907
906
4932
3502
1042
292
3789
2578
2814
2703
2396
1233
3996
4455
2269
2279
1658
4388
1743
2289
1591
35
3614
607
2072
3941
2804
4928
3677
2105
2564
1589
4162
3580
3421
1518
2453
3694
554
4940
1361
4732
76
2938
4523
107
2163
3649
1802
3823
794
100
3961
4888
2108
2272
3145
2426
532
484
4634
4734
2844
2615
2411
3114
3325
3468
2771
4281
456
2634
426
618
3389
4564
2560
3562
4204
1766
4678
1401
772
2235
2940
3431
4362
443
2895
4532
2113
3384
83
1425
505
3848
2095
2266
2181
1534
3769
1916
247
4619
3175
328
3771
4264
403
2153
4397
2143
4047
3264
2968
3360
756
4528
1406
4479
3921
4649
264
130
172
4161
4515
2741
4477
1718
1165
2897
2138
970
259
4140
1602
3520
2158
2886
3081
2416
3793
4778
2650
3600
4337
1457
4318
2353
3721
3550
2074
3499
1666
1141
4299
3178
3476
3759
1287
3167
4087
4075
630
2374
2658
1745
1651
4107
4859
3102
821
2414
4068
2595
3926
3458
3011
1047
3019
349
1808
3377
4776
605
3120
10
824
905
629
3074
4813
2885
1460
151
4891
1325
1798
2883
3567
3223
3862
1462
621
92
1342
4770
1220
1627
2739
1016
1451
1874
3065
584
2716
801
31
2197
2060
1644
476
1527
1039
2991
4488
1841
3507
2310
3449
2990
4910
140
2227
4689
1544
3199
2201
1488
4760
4614
3415
2415
4710
4082
2017
3674
4645
1844
4637
418
3664
1890
4340
3857
334
3608
2194
177
1291
390
4408
3772
739
2400
4446
972
132
2651
3293
787
2378
3308
3584
1773
908
3744
3180
178
1866
723
4237
711
3592
2669
473
492
1731
4243
4496
3116
1120
400
494
320
3370
4359
3336
2976
4198
3676
1035
2075
4950
4027
2925
962
3800
2234
2887
4659
1867
1112
1586
941
4900
1706
1244
1597
4353
1111
982
3181
486
1125
3966
3822
3804
3635
301
311
3521
3882
2065
593
3025
2260
510
1578
2721
770
4002
3725
996
1184
3259
4563
213
4855
1021
944
2352
1872
1705
287
4604
434
785
42
1339
799
317
2764
614
4727
1116
3469
1093
3208
3066
670
3657
4873
166
4177
2643
3989
3819
4309
1811
2171
3701
2922
3739
3403
2711
849
3919
1622
2434
1092
1760
4255
3932
859
1810
1888
4927
3840
2994
3068
4879
1
1049
3591
2183
72
2911
318
2032
3980
1927
3792
1489
4560
1003
2891
1396
817
4692
4498
4643
3808
3540
1282
2837
596
4609
487
4323
4435
1025
1583
1150
666
2667
1563
2324
4361
2228
3275
2287
3850
2892
3977
4510
866
1214
788
1394
170
469
2005
764
1787
2182
1422
3686
2120
651
3429
4014
2866
2997
2699
46
2039
4096
558
3323
2863
2392
236
774
4688
2691
1365
2499
1119
3462
3709
150
2761
3101
2787
1362
1341
2498
2971
589
1183
203
2679
638
1160
413
1653
4376
2782
4346
4319
4024
4434
4861
260
4741
144
4716
4904
2486
4553
4302
2020
4890
1026
4570
4321
822
3063
4616
4403
1922
1308
4916
4371
2684
2119
4662
4332
4666
4538
2070
1014
2325
3640
326
4097
9
2957
3354
2127
4454
2041
396
2410
2030
3790
88
2202
2179
2946
4721
4748
1148
4585
600
2743
149
598
362
1701
3306
1448
3880
1537
544
2750
3482
3437
1216
4636
537
453
863
97
4071
1853
3762
1315
2376
1445
4821
4762
632
2084
2759
4117
4875
1274
300
1472
4944
3165
4121
4354
2962
1123
1616
2654
1661
4184
1556
665
1099
2503
974
879
2196
3368
3234
4414
2220
220
4775
2211
902
1071
4834
4260
796
296
2203
3523
1887
1532
2185
3723
1914
4939
4412
2682
2831
3624
872
3341
1786
1593
1716
179
2916
2823
139
4196
1959
2111
2355
4725
4590
1115
2102
4684
3224
1289
2177
3112
3643
2723
1966
2648
2008
1059
708
3395
1360
1265
2107
814
298
716
4466
627
4591
2303
1031
2280
858
1800
3285
2301
373
3832
1433
4547
2725
2649
3380
4475
3489
1845
3196
2007
2602
1238
1740
327
2091
2609
2106
1767
2591
2124
295
4038
4695
2261
2675
3289
367
3578
696
1962
1915
44
3235
3333
4807
2730
1603
1784
1903
1077
4347
4893
1439
4829
1486
4345
455
4620
2403
4761
1582
682
307
2920
3220
3412
507
4013
4271
2231
2222
4699
3204
2350
361
2768
4718
4808
791
3854
1321
2950
1332
4364
333
2316
1129
4840
28
2451
4729
1757
745
1619
3601
4868
162
2259
511
3699
1436
2647
3878
3192
506
2388
2906
3923
4360
3392
3627
3927
1164
4902
1079
1680
1821
2811
3581
857
1545
2506
4320
726
2660
1081
3006
2487
4979
3153
1969
3783
1197
2229
2942
2492
4772
712
2146
3018
2562
2257
4254
3014
57
3488
3113
928
530
71
2558
3141
2468
3456
4330
3763
4210
4033
4415
1884
4386
3276
2757
4066
1713
1173
790
3225
920
999
180
990
1894
4186
4930
3372
1985
4742
1610
1223
705
2864
3833
128
272
3284
4895
2830
3466
2219
4631
25
780
4702
1819
3872
1681
4670
3831
2656
323
3279
4972
3795
3163
4154
2028
4274
3974
2544
2250
0
1185
818
2423
423
883
2631
3179
870
2469
2913
3666
1058
4691
2156
771
1407
3480
2698
4238
1585
4817
812
4242
412
4054
692
2093
2999
963
4061
2536
465
957
4792
3385
3286
1103
3005
2807
521
2459
1050
932
4546
1562
839
4153
1982
3843
3312
3750
402
23
2820
4093
4763
1304
3770
3803
829
3717
3588
148
2493
1345
4869
4594
3617
1833
3430
592
2406
1630
4767
3687
3860
4575
955
3777
1995
3198
3127
1685
2184
640
1001
3898
2092
567
4200
2155
4452
1484
768
2955
2708
4758
3426
2121
3787
1083
1041
3877
3231
2366
3265
4460
1795
2756
874
1823
1738
20
4091
578
348
2849
4266
382
3425
3638
4955
3653
3332
4943
2672
619
3727
1157
683
3503
4418
4551
2825
4828
4122
1763
4143
230
4195
1728
1899
2810
1206
1262
4034
2579
3988
1480
633
1429
975
2622
889
1548
1391
262
4922
1697
3435
4823
1331
4100
82
4213
430
3094
697
3955
3119
2857
3946
254
4690
2884
744
617
3034
4667
2081
4961
737
3060
2160
271
2977
4581
2172
4919
4872
4467
1056
709
1281
2204
1095
643
3827
2867
1986
3209
3142
389
3985
1930
1441
489
1947
4723
3570
3057
4136
4060
1863
4642
4588
2348
3924
4746
2894
1147
1435
1933
611
4956
519
2504
474
909
278
3569
1598
3754
980
667
3393
1358
930
4417
2839
4969
758
2277
924
515
2995
3738
480
1309
3706
3547
3805
3551
1564
3830
4419
4526
3779
198
1303
2806
3714
3193
3050
3004
4429
1838
4852
4771
1330
3557
1261
4542
4035
1335
663
4098
3184
3383
1855
3824
13
826
4898
1775
4231
1174
3675
2755
81
1510
2794
2874
622
63
154
4953
3443
432
1310
2223
94
118
1715
3048
160
2992
3133
1106
221
4997
2792
316
626
2630
248
331
3001
2455
1549
3710
2896
7
1087
3077
209
314
4424
1945
2766
3590
2435
4043
47
2514
4248
2315
3746
1405
1316
441
891
4073
1971
2605
3806
655
4728
559
580
3619
2945
1455
2842
136
289
4471
2563
4819
3369
2389
685
3972
2924
3152
2888
1889
4173
4970
3837
4957
671
695
2978
1078
504
355
155
3671
2722
2395
2970
508
2328
4600
3124
1852
1443
4456
4425
4652
3236
1813
631
3691
376
4501
2589
3097
2385
3327
736
258
878
2846
4003
2419
992
1250
3767
757
4148
64
1612
4967
1392
4984
2437
1880
2167
4983
1474
2547
1205
3696
3654
3326