353
265
218
138
447
475
221
351
239
348
282
90
54
1
33
111
66
114
260
404
161
490
413
381
498
60
485
194
21
122
113
128
42
97
488
364
388
399
163
157
342
484
86
319
70
326
134
259
178
148
131
409
253
476
310
94
347
291
18
270
127
287
297
136
191
224
286
129
107
457
312
37
249
261
237
246
217
363
271
55
104
19
283
173
408
424
212
199
47
77
375
497
499
11
139
486
366
272
495
362
434
120
147
294
85
386
358
420
58
401
170
160
345
439
61
225
109
455
192
16
190
382
44
387
446
238
251
393
441
324
242
24
172
220
156
235
132
443
372
422
311
180
299
494
280
93
474
9
469
470
124
258
197
325
210
133
51
153
96
17
418
461
330
293
427
181
334
493
306
243
370
333
82
203
112
78
174
308
236
149
213
385
323
368
143
240
456
48
440
69
367
244
214
343
341
425
14
32
433
101
140
416
361
229
429
62
91
481
22
159
465
473
450
177
394
307
458
150
166
435
415
185
378
65
102
266
314
189
68
126
20
95
296
379
403
74
25
396
262
277
152
141
204
205
471
444
117
317
400
99
165
432
356
496
186
228
376
13
477
198
83
207
4
298
480
321
87
392
338
331
64
284
35
340
339
230
12
483
421
318
430
462
206
184
464
454
36
468
144
303
255
2
23
320
211
53
482
79
39
226
442
46
301
250
349
81
57
329
357
121
100
269
195
88
227
125
279
201
336
467
231
426
478
410
267
50
56
309
390
328
359
188
8
369
232
395
247
479
92
285
383
452
463
29
252
288
168
27
167
405
305
193
75
5
26
202
7
115
72
417
52
431
315
216
371
487
448
187
335
171
337
142
354
15
332
445
453
322
80
290
98
164
223
179
274
384
278
273
374
155
233
304
407
460
3
263
151
500
423
49
302
281
466
119
103
209
30
264
295
352
71
59
428
289
222
257
292
45
84
436
398
40
0
67
106
34
130
145
38
397
162
391
73
419
437
6
154
268
219
380
489
344
492
135
241
438
327
89
158
105
491
276
200
275
360
459
43
355
146
123
411
208
365
41
63
118
215
10
110
176
313
196
377
245
402
449
316
472
76
256
28
346
254
451
116
248
31
373
350
182
414
108
169
406
175
183
412
300
389
137