239
172
271
238
715
29
566
723
298
597
609
708
514
495
133
176
461
714
580
703
316
332
467
677
270
173
428
26
712
444
707
34
511
326
652
121
310
672
143
690
203
699
254
123
170
413
613
59
76
770
64
506
328
766
396
385
688
197
452
256
516
575
721
668
235
457
429
394
96
462
308
616
343
142
166
145
365
532
775
252
241
670
463
45
141
177
281
485
205
796
220
755
443
411
599
416
733
269
533
399
114
792
753
21
391
39
65
48
192
418
57
433
573
183
261
744
229
725
265
58
335
612
487
590
387
498
544
405
594
42
659
100
531
338
464
510
446
168
384
69
420
242
579
124
681
601
304
765
727
119
234
289
404
139
680
191
2
115
35
207
539
451
346
122
584
421
471
664
60
717
231
318
671
327
465
63
789
689
287
222
126
673
711
376
201
439
480
325
180
361
432
244
737
551
409
734
120
274
786
644
367
696
372
43
188
625
682
749
478
596
535
51
97
555
285
757
415
751
213
503
534
795
320
641
74
474
504
85
493
117
156
509
344
392
331
608
483
84
650
199
128
729
542
526
782
251
524
581
286
648
642
290
301
722
635
614
157
799
475
763
468
324
230
425
408
674
155
437
560
216
366
212
746
237
292
776
595
11
679
630
247
340
507
89
218
528
317
95
276
442
17
695
735
162
296
453
112
38
773
94
283
278
378
628
621
512
748
389
499
8
27
710
400
790
585
309
98
206
211
586
472
693
740
356
303
255
543
654
685
430
339
73
426
691
377
295
393
359
9
772
791
647
491
730
194
195
406
165
592
226
434
449
759
563
570
774
30
163
333
129
781
208
144
106
127
70
257
154
14
379
549
319
282
138
783
134
607
110
529
583
370
196
37
302
515
360
93
130
284
756
540
62
272
530
350
109
371
704
381
678
646
631
517
424
629
632
742
221
258
158
179
33
200
164
322
541
382
450
655
10
140
397
243
553
190
342
3
762
683
116
637
604
228
548
623
18
75
458
407
268
209
800
726
518
591
368
661
71
56
658
22
314
645
81
496
264
161
777
571
300
719
210
20
5
362
337
606
794
764
445
412
660
667
321
466
189
99
448
23
12
329
562
36
431
351
784
750
307
380
767
460
441
54
447
193
662
259
486
610
253
440
643
66
508
577
718
148
527
353
574
481
61
41
477
55
788
160
267
248
1
182
31
68
572
758
186
83
113
262
567
611
676
569
565
111
266
738
620
538
233
187
323
556
684
202
663
656
624
383
698
87
293
46
19
720
102
558
107
297
552
687
153
198
593
686
697
101
603
414
665
334
454
501
618
634
578
306
692
149
617
771
666
520
700
705
52
227
619
706
502
390
137
313
694
315
728
626
576
769
779
633
653
348
423
147
419
554
402
519
217
279
713
151
50
547
638
651
484
25
13
701
752
388
410
294
513
768
280
90
455
736
352
32
398
605
28
175
4
375
761
347
780
724
135
291
24
374
288
67
171
44
369
422
364
545
438
640
622
754
15
488
386
159
330
395
760
469
299
741
236
473
277
118
793
743
639
588
215
77
649
521
456
125
275
357
778
245
79
557
103
732
489
568
174
263
716
401
225
355
86
336
536
150
108
500
403
523
131
525
600
564
479
224
550
657
136
0
345
476
88
312
246
598
747
232
537
40
152
787
798
615
185
636
169
589
546
250
702
785
669
587
494
184
167
49
82
492
358
731
363
132
219
745
105
349
459
146
260
7
214
797
675
223
273
92
582
490
305
341
47
561
482
53
72
602
373
78
204
104
522
436
311
435
6
709
91
354
427
417
470
249
497
80
739
505
16
559
178
240
181