100 1.001119613647461
200 3.0040740966796875
300 2.9959678649902344
400 3.0105113983154297
500 4.992961883544922
600 14.995336532592773
700 6.994962692260742
800 8.999109268188477
900 9.997129440307617
1000 13.001203536987305
2000 22.99809455871582
3000 37.992238998413086
4000 46.999454498291016
5000 59.999704360961914
6000 74.005126953125
7000 87.00776100158691
8000 100.00324249267578
9000 118.00527572631836
10000 127.00629234313965
20000 269.00696754455566
30000 422.00779914855957
40000 602.9953956604004
50000 780.998706817627
60000 899.0049362182617
70000 1145.005702972412
80000 1276.9954204559326
90000 1400.9966850280762
100000 1572.005271911621