100 0.9996891021728516
200 0.9970664978027344
300 1.0013580322265625
400 2.000093460083008
500 2.0008087158203125
600 3.001689910888672
700 2.9993057250976562
800 2.9969215393066406
900 3.0002593994140625
1000 4.001379013061523
2000 7.999658584594727
3000 13.007402420043945
4000 18.991470336914062
5000 23.002147674560547
6000 31.99458122253418
7000 38.99955749511719
8000 39.0009880065918
9000 41.9917106628418
10000 46.005964279174805
20000 104.99238967895508
30000 167.9973602294922
40000 226.00746154785156
50000 322.9961395263672
60000 347.0022678375244
70000 440.0060176849365
80000 526.9989967346191
90000 581.9916725158691
100000 659.9929332733154