100 0.0
200 2.000570297241211
300 0.9984970092773438
400 2.998828887939453
500 2.9997825622558594
600 4.000425338745117
700 4.001379013061523
800 3.9997100830078125
900 5.007266998291016
1000 4.997730255126953
2000 12.015104293823242
3000 21.008729934692383
4000 32.010793685913086
5000 33.99920463562012
6000 43.997764587402344
7000 51.987409591674805
8000 55.01079559326172
9000 64.99814987182617
10000 74.99837875366211
20000 153.0015468597412
30000 246.99783325195312
40000 449.9986171722412
50000 441.00117683410645
60000 498.99911880493164
70000 615.9992218017578
80000 701.9994258880615
90000 814.9998188018799
100000 883.0010890960693
