100 0.9984970092773438
200 4.000663757324219
300 6.99925422668457
400 11.99793815612793
500 18.998146057128906
600 30.00330924987793
700 37.0025634765625
800 50.000905990600586
900 62.986135482788086
1000 75.01053810119629
2000 296.008825302124
3000 674.0002632141113
4000 1223.0112552642822
5000 1887.9947662353516
6000 2715.9924507141113
7000 3908.9951515197754
8000 5587.010383605957
9000 6518.996715545654
10000 8497.673034667969
20000 33683.44330787659
30000 70023.9896774292
40000 137119.00782585144
50000 220216.1350250244
60000 304152.2717475891
70000 409055.97496032715
80000 535777.0884037018
90000 704206.1553001404
100000 841087.2330665588
