100 1.9800662994384766
200 6.999731063842773
300 16.999244689941406
400 30.009031295776367
500 45.99928855895996
600 69.98372077941895
700 86.99822425842285
800 136.98315620422363
900 146.0096836090088
1000 181.99706077575684
2000 707.9951763153076
3000 1676.008701324463
4000 3021.9945907592773
5000 4456.9971561431885
6000 6740.001678466797
7000 8775.012731552124
8000 11514.995098114014
9000 14698.01115989685
10000 17907.99903869629
20000 146198.0962753296
30000 199297.39546775818
40000 316452.6882171631
50000 487363.46340179443
60000 693905.8640003204
70000 966998.5685348511
80000 1318450.7331848145
90000 1603155.5578708649
100000 1924170.7730293274