100 1.989603042602539
200 7.989168167114258
300 17.00305938720703
400 35.99858283996582
500 47.016143798828125
600 68.02821159362793
700 91.01676940917969
800 129.9912929534912
900 156.9995880126953
1000 202.99839973449707
2000 765.0125026702881
3000 1911.794662475586
4000 3101.0003089904785
5000 4768.9948081970215
6000 7066.999912261963
7000 9604.687929153442
8000 12058.001518249512
9000 15936.710119247437
10000 19464.744091033936
20000 77103.64198684692
30000 169721.39382362366
40000 313765.1538848877
50000 454528.98836135864
60000 704622.5895881653
70000 949994.2214488983
80000 1222277.200460434
90000 1561368.8514232635
100000 1938703.976392746