100 2.000570297241211
200 0.0
300 0.0
400 1.0004043579101562
500 0.9992122650146484
600 0.9996891021728516
700 1.0001659393310547
800 0.9877681732177734
900 1.9986629486083984
1000 0.9977817535400391
2000 2.9997825622558594
3000 3.9975643157958984
4000 5.997419357299805
5000 7.001638412475586
6000 8.994817733764648
7000 10.005712509155273
8000 13.999462127685547
9000 12.993574142456055
10000 13.994216918945312
20000 35.00223159790039
30000 47.00326919555664
40000 56.99729919433594
50000 72.00002670288086
60000 84.99956130981445
70000 100.99983215332031
80000 117.00010299682617
90000 131.99949264526367
100000 153.98693084716797