100 1.001119613647461
200 1.0008811950683594
300 2.004861831665039
400 2.0003318786621094
500 1.9991397857666016
600 2.999544143676758
700 5.997896194458008
800 4.999876022338867
900 5.000114440917969
1000 6.998538970947266
2000 14.002799987792969
3000 24.997949600219727
4000 28.0001163482666
5000 37.001848220825195
6000 55.99784851074219
7000 57.98912048339844
8000 59.01050567626953
9000 63.997745513916016
10000 73.99845123291016
20000 180.0072193145752
30000 267.9884433746338
40000 401.0009765625
50000 459.0010643005371
60000 558.0074787139893
70000 649.9981880187988
80000 756.9983005523682
90000 837.9871845245361
100000 896.9995975494385