100 1.0001659393310547
200 1.0001659393310547
300 0.9996891021728516
400 2.004384994506836
500 2.009153366088867
600 2.9981136322021484
700 2.989530563354492
800 4.00543212890625
900 3.998994827270508
1000 6.000518798828125
2000 9.998559951782227
3000 14.987945556640625
4000 21.000385284423828
5000 27.997493743896484
6000 38.001298904418945
7000 41.001319885253906
8000 45.996665954589844
9000 51.98788642883301
10000 60.98604202270508
20000 125.01668930053711
30000 197.9985237121582
40000 288.0117893218994
50000 378.9949417114258
60000 445.009708404541
70000 563.9998912811279
80000 604.9997806549072
90000 685.9900951385498
100000 801.0046482086182