100 0.9987354278564453
200 4.008293151855469
300 10.003805160522461
400 17.002582550048828
500 28.004884719848633
600 38.98501396179199
700 51.98407173156738
800 66.99967384338379
900 84.00440216064453
1000 114.99500274658203
2000 430.01580238342285
3000 1002.9888153076172
4000 1899.0111351013184
5000 2793.9813137054443
6000 4246.990442276001
7000 6595.009326934814
8000 7442.0013427734375
9000 9212.801456451416
10000 11219.000339508057
20000 44798.27404022217
30000 102405.522108078
40000 179225.89826583862
50000 280856.19616508484
60000 422576.72691345215
70000 550142.986536026
80000 709934.7212314606
90000 902784.3823432922
100000 1236253.5636425018
