123
140
262
190
150
257
117
243
89
151
158
142
256
249
237
299
193
8
61
55
28
276
143
192
59
185
20
37
47
215
182
213
65
85
173
110
62
72
152
15
197
279
31
259
264
80
34
48
130
77
58
106
43
241
42
159
288
60
114
70
21
13
79
146
68
27
206
129
91
251
261
209
162
229
111
83
87
76
149
219
168
69
284
163
36
160
258
210
115
145
113
25
63
100
71
287
166
191
122
1
105
183
26
41
247
234
88
265
98
24
97
280
203
118
242
283
144
18
179
78
138
217
0
126
32
22
267
189
266
236
108
49
57
278
40
135
255
205
50
198
35
107
128
169
132
165
239
222
195
39
207
64
248
51
199
172
175
268
238
230
74
194
7
269
295
188
156
109
300
16
104
52
120
96
112
211
119
177
292
139
92
9
23
204
254
225
2
137
270
232
240
161
125
86
186
153
3
66
171
216
235
224
208
181
282
220
296
271
133
11
95
101
291
4
147
157
285
164
290
233
30
116
82
102
187
81
131
124
263
273
19
14
246
6
45
141
121
298
54
170
252
202
176
200
174
56
44
184
5
67
90
212
84
148
293
99
127
103
167
134
12
260
218
154
250
46
221
180
228
294
33
281
275
214
75
38
29
274
196
155
178
227
53
286
297
226
93
231
289
94
17
73
253
223
10
245
136
277
201
244