1998
1455
3401
2146
2098
3772
167
154
1970
198
1086
3506
2209
1904
2930
3295
3436
2670
572
814
822
1626
2449
323
3938
3638
2307
3377
3305
3771
7
1113
1474
1207
2416
2226
2616
819
1638
701
291
3923
1767
2136
690
1743
404
2789
2090
2671
1046
3038
2537
3283
1122
1020
2466
3965
3082
2104
3952
2639
3870
3966
2543
2812
3013
2049
3464
1632
563
3415
1525
3334
3678
3059
1572
3572
389
2270
2407
2944
3014
688
556
2436
2615
2439
2014
1270
2174
16
2034
3329
3308
1807
278
1303
3876
3867
2391
1087
2401
3136
2545
1149
2338
2982
3893
3776
2026
2376
3825
1686
2653
1535
1910
2913
674
3131
2814
3480
3043
134
3398
1780
1388
566
3433
875
248
3456
265
2262
1059
891
378
3455
1861
1010
432
3594
3968
2043
976
2939
126
1537
2718
336
3562
1757
1148
3888
98
1987
2743
3241
2011
3996
1674
3911
504
2828
3910
188
805
3522
443
477
254
3846
1678
2178
419
2890
3257
275
2160
3863
3834
511
518
1274
3148
3809
3573
2896
1636
3824
2864
1141
1370
2960
3231
415
2907
1595
3042
2642
228
3095
3434
2574
2731
3898
1764
1590
798
484
2397
1776
3656
2996
2185
2432
684
3430
1004
71
2044
1191
3707
3352
1498
2345
1736
3660
2893
44
3784
3671
3236
2613
2365
2259
624
2076
3995
2539
1198
6
229
3960
3383
937
3426
2430
1551
3169
3900
889
1011
795
2327
3543
3767
3711
390
2165
1280
62
499
1178
3708
2589
2308
3670
1343
1700
139
1597
177
3657
2732
414
841
1952
2241
2501
3103
3373
2925
2725
2418
1419
2172
3360
3768
2239
1806
302
3048
1724
424
308
242
3223
1881
3404
3940
1642
338
74
2409
3505
431
1504
564
3096
3983
3102
3037
3541
136
1378
1459
118
2315
1040
1500
1391
2200
1689
3141
1442
2292
3318
3209
3435
1866
637
673
3297
1996
1703
1381
2536
1187
1983
2088
952
3661
2295
3858
1135
1428
1520
27
2303
720
3924
1452
3962
116
3520
3064
966
3530
421
32
3164
2540
2168
2661
3574
2425
4000
3139
642
3818
3274
1390
1301
3022
1319
3281
788
1614
1784
245
2578
3420
823
1884
789
3529
2636
1405
3424
3920
3060
2451
3460
3981
1104
615
3489
2729
3963
2261
280
1231
2406
3185
2595
632
1887
2377
92
543
1765
2541
2275
869
233
3550
2163
2961
2214
3532
1625
1249
3490
366
3622
3871
1448
1359
2470
3865
2437
2158
2993
3156
2400
3651
3519
1014
2976
3497
3125
2816
3959
1523
1190
3782
213
2162
1088
2793
2591
1115
942
657
413
2355
1443
1536
1809
2195
35
3589
662
451
114
3759
1834
3328
2626
3796
3951
1005
1421
2549
3747
1223
1462
3003
1093
3181
3629
2277
2662
2989
1326
2764
2477
1732
3714
3800
121
3159
2728
3376
3036
3447
166
652
287
965
1586
418
2788
3473
3564
2916
1964
3672
900
1755
1863
1763
3350
2227
612
2036
1345
3407
594
846
2173
197
2079
524
3072
1796
2878
859
3812
617
1465
926
3453
1524
1972
800
562
2272
2483
296
1906
3723
398
1336
362
68
1963
3802
2113
1539
155
1435
3114
548
1685
1211
1173
2781
2075
3143
2861
191
1030
100
2296
1568
1017
384
3254
1299
3472
3647
3869
763
3026
3126
1053
382
1751
1395
1540
2586
2383
1224
538
2696
713
1444
521
2102
872
3270
1221
267
921
3379
1633
678
2462
2073
3855
3696
586
3406
190
3695
1012
119
1869
2129
2754
2799
2132
1202
909
2601
1695
2641
2945
985
472
2460
1532
1096
2010
1927
1729
3311
1061
2954
3544
1092
2013
1041
3521
3034
2853
95
3501
1672
3577
2776
2902
565
3382
2211
2150
144
2765
1851
2364
2369
2664
2573
1684
3113
618
3839
3118
3922
1463
1543
736
2948
3591
3977
221
425
1470
3173
3961
1546
919
597
3849
176
1713
1950
2955
520
2001
2640
3419
2099
2966
575
186
1229
1118
3788
2137
67
1876
2608
2576
1205
2970
3468
286
2577
1132
1835
3887
1903
3357
989
3517
3583
1281
365
340
3320
2516
45
2569
3817
601
3984
473
246
3724
2145
396
717
3760
1013
1820
1049
2287
698
545
1934
1783
1709
3
3119
1121
2164
2
3451
2370
3503
508
1026
864
2251
2125
973
3238
732
2528
699
3758
423
1923
2620
3969
3609
1130
2987
1629
2286
1855
1236
401
1085
2584
2803
1354
3730
613
1745
1907
2880
305
3012
1667
2580
320
2360
2784
1411
1653
3535
2506
3512
2394
2297
2056
3057
987
3903
1731
714
480
3214
2328
283
2106
1434
270
2373
175
2356
2123
3319
2336
905
519
1592
2484
115
3889
992
3845
1368
3380
2238
3150
3062
1965
818
1254
1599
255
2475
2461
1482
1829
2638
1153
3569
1810
3400
445
1402
1533
160
768
2956
3985
3477
932
3942
145
3654
3557
3301
2348
1200
2699
1828
2900
3945
1432
3112
3431
360
1838
1896
945
227
535
2130
430
1639
1564
2067
834
2597
3789
1478
3906
2080
2291
3619
620
1363
3163
2805
1071
133
3483
3374
2037
2085
1874
442
2114
3288
1571
1766
96
15
2567
3852
3997
2958
2512
1331
603
2872
3137
2420
1644
1939
1693
1888
236
2942
1581
219
3367
806
2446
3972
2016
1342
2017
893
395
2719
2619
3683
241
753
1018
1294
165
3690
3007
1189
573
1517
1744
3459
209
301
2510
3186
1043
3309
1111
3904
86
3754
361
1941
2285
1340
156
2605
3790
444
3907
2095
3571
2176
2815
1797
1840
700
52
3184
1526
3705
669
742
849
828
23
1734
3625
2205
3783
773
2922
1019
3857
178
3592
3668
1666
487
2760
1123
2121
2498
140
2419
2617
2041
2299
3779
1628
2865
1152
1544
3239
2273
2039
28
670
2859
3166
731
2309
681
2940
2698
243
3343
2282
263
41
3085
290
1009
924
3220
2128
3314
2068
2478
3728
3293
2844
485
2592
1027
211
307
2688
3675
345
394
2555
3100
46
2008
2002
2417
1879
686
1591
349
1994
2344
3332
2532
3124
2892
1854
3174
2481
281
234
3010
668
3738
363
1051
2257
2585
3122
986
2431
2811
1458
3894
1856
3253
1124
1527
385
1575
295
703
3599
2006
830
3204
1305
2847
271
760
1217
1181
3356
1612
3277
440
1408
1074
171
3099
3806
2203
3537
1558
1877
1594
3476
3850
2096
902
2495
977
811
347
3389
3878
47
1338
3047
1931
1792
2957
2736
1823
3921
1704
2455
1219
2086
2459
3971
1490
80
1079
3596
1908
321
26
3745
3494
3465
3999
1699
2932
3409
253
3642
3831
2059
3020
2790
2795
542
2525
874
930
269
1398
90
1620
128
2024
2051
3905
1658
1383
3778
122
3980
2220
170
1922
1209
1793
3679
3885
1718
3133
898
352
689
1839
2802
2144
3454
1627
2762
716
2052
1203
2189
1393
1477
1418
489
3515
1325
1304
3821
3915
3229
585
3130
2438
2622
2733
2379
2312
2232
310
1826
2904
884
161
1655
2479
1516
2156
2410
817
2288
3336
3441
318
2708
1210
3369
3588
3245
3304
780
1785
43
660
3676
2920
1119
621
2434
2921
101
63
958
2072
2411
801
3438
3393
1501
3074
2685
1247
554
3935
1367
509
1313
3089
1056
2717
759
2371
3452
892
2060
3437
712
1042
406
741
2995
1407
2823
1399
3970
639
339
3071
3175
1601
2796
2503
212
730
214
784
1243
2499
3803
3702
1351
3872
2817
1528
983
441
971
3866
3370
589
3836
407
1960
1988
3699
1251
755
1937
3230
2835
3753
59
1555
2284
3829
3669
3653
3816
2820
3485
728
1583
933
3527
3205
1425
1885
3744
1659
1412
3908
2606
3484
22
1566
1094
1714
3250
3348
1267
3271
2485
1991
1255
2329
3611
982
94
2469
350
3134
2042
1064
1278
2929
3731
850
1676
29
553
1918
1138
526
1417
3247
3664
1208
2330
2170
2228
1057
2500
1832
3716
825
2910
790
1928
1682
3098
3201
1048
3355
3051
2097
599
2363
2444
950
2112
73
1645
3539
3881
3021
890
3123
2666
3249
1967
2210
2021
195
1759
453
2737
2659
2331
2492
503
3750
737
2804
3674
3913
3891
328
3362
1692
2538
2442
776
1177
1852
162
2301
2757
803
1271
2242
1099
663
17
1429
1577
3275
1570
240
1295
2159
1631
2911
3617
845
3939
707
1503
923
1373
172
634
2739
3262
2747
3815
560
266
306
2320
2231
1522
2761
2399
694
3873
1742
697
2775
1137
1309
3538
1033
2219
980
1726
2631
189
2875
2604
2089
383
3180
82
2830
769
514
2486
3648
1859
3147
2149
2050
3703
2184
397
954
633
1401
3814
1553
2103
2424
3198
855
1158
2767
502
1647
1235
2332
2126
1327
2521
2341
1711
1179
1707
1015
1169
1068
3513
2651
475
113
459
446
3552
1441
2941
2212
1567
463
1770
3899
3006
1607
1485
2973
1467
2452
3065
696
605
861
2463
3542
1346
2468
1657
3372
220
2140
2611
1481
2546
2794
739
448
1143
1836
2963
2587
153
300
1108
558
3302
1971
2091
256
2065
2489
2556
1461
1410
202
1045
3486
1334
751
3097
1379
1610
3600
2607
3194
3742
1986
1496
2655
324
1738
3684
2630
3032
3725
1643
3593
2378
2305
3741
39
991
866
1894
2081
650
1933
2171
671
289
193
733
3016
802
3243
1453
2240
497
2855
604
1358
2772
3413
375
626
426
1675
2981
1024
2628
1277
2648
758
2491
522
1634
3613
490
48
943
3395
1850
1698
1241
777
2777
2221
83
1103
3807
1559
3111
1102
3399
3132
749
274
1681
3177
2722
2403
2994
2289
2660
1016
438
3979
2368
322
2414
1330
812
1129
1875
1968
1819
75
1466
3015
1868
2693
908
2759
1339
2656
3927
3313
3040
2807
3956
3777
2947
1596
354
3110
3608
2703
3715
3041
1259
2625
111
1749
2695
66
1630
661
2560
2785
1140
226
117
1691
516
1228
1827
3011
104
3946
1348
1893
131
3612
2071
1737
1974
1052
3306
2167
3158
3045
3091
1646
1593
2131
3265
1062
961
1006
2870
3363
264
3019
808
1579
449
2822
2975
1957
1244
3315
505
1882
2786
3109
3848
551
1917
3819
3994
299
3618
1
1867
2381
2714
158
2867
3606
1958
173
1072
20
3652
1414
3804
3693
507
1300
3770
3337
1284
3323
2977
658
1617
3222
1335
616
1898
757
1708
1978
3359
705
2792
831
3384
3093
3528
1110
2517
3632
3325
3251
3233
1131
216
3211
3457
584
3068
3235
2155
804
1623
3688
1865
2908
1230
38
185
143
3432
2513
2686
3396
1560
1550
488
1078
988
1772
3092
3665
3644
1001
2047
3165
1821
3324
1777
2711
2361
2833
3879
332
2441
3440
369
1264
1023
3732
1669
2918
746
65
3346
2689
3847
792
2190
1837
1671
3733
3267
1066
766
765
450
3795
3775
2311
593
995
1778
1238
709
3467
1472
1392
649
2704
3261
1356
1911
439
2677
120
2070
2422
2245
3403
2926
1307
3344
1126
3587
1372
580
2428
536
405
2562
1585
772
3540
2009
2552
1495
530
929
3554
1460
298
3149
527
1999
3160
3916
132
1812
2064
1889
1029
2797
2849
2183
13
1883
2565
2712
1905
1641
70
3954
1454
2062
1547
1150
871
820
723
981
1622
606
3412
316
3237
595
3949
654
2180
3785
2339
3757
428
309
3685
2943
1291
1895
159
2983
3575
1151
3833
3886
377
3691
422
1438
182
2019
3289
285
3901
2999
3851
2866
2787
1423
2415
1899
1445
1396
3635
2992
901
3469
72
105
2692
3268
1286
832
2903
882
886
2559
3279
3697
2912
3263
1055
1146
571
3378
2304
2474
3018
754
3584
1499
1951
951
3031
2456
1670
486
1183
3056
550
2448
2398
2746
1206
179
464
2919
314
528
1565
879
2758
3793
531
192
835
3296
2675
2265
2040
3349
1831
3579
3701
319
1114
3004
611
2621
2614
3470
702
3743
1406
636
3219
1961
1926
1725
1098
2316
2909
826
664
3975
2201
3224
963
1322
1508
3763
1844
1180
704
533
1436
771
437
1921
907
587
3033
3083
500
561
1853
935
2324
57
1969
1787
1878
1569
251
1167
3958
2134
1683
2250
836
3058
3215
3897
3168
3976
1184
3446
2177
1384
1723
2917
974
3278
3967
3429
2950
3811
3525
462
1032
2161
3129
1060
3244
807
2317
149
3216
862
2766
1349
1420
277
2375
3050
331
944
99
1747
3704
1063
2490
708
1475
1962
752
2985
381
785
2946
313
1773
990
3327
1980
2518
2883
964
1197
2846
2869
2254
1542
3607
3416
3005
918
1288
3844
3354
2115
2819
465
2354
1162
3749
2735
470
196
3094
3481
3448
3568
3312
3292
1165
3144
2623
2283
3748
2649
343
3341
1803
3677
137
1697
0
725
231
3838
1909
579
2572
1214
770
201
3196
2166
3602
523
2544
152
268
297
169
1095
25
2897
2119
578
244
1166
1719
9
629
2256
574
3567
2030
2898
2055
1942
3391
2340
3317
24
625
2654
529
2194
2196
975
2750
2583
3655
1589
2100
206
2905
3875
2742
3736
858
1290
1387
1260
1427
1424
1375
3610
959
2243
569
3868
868
3623
1788
1587
1510
644
1754
1000
3719
1091
1134
3326
2600
2674
2133
124
181
337
76
2990
3242
1194
2511
3385
1715
3387
1727
667
3840
1196
3595
2268
1790
2310
1733
1621
1600
2782
1920
910
1813
1204
744
491
540
1232
3556
675
1234
3076
1216
3276
102
2593
2709
42
3335
3820
3461
2078
225
857
3127
399
2755
2763
1799
1112
1058
2269
3545
85
2497
272
1833
999
387
3992
3290
1993
2838
3478
1870
1830
3884
1213
2458
577
2906
1721
984
2873
1289
3561
3240
827
906
1576
51
622
2533
3931
851
1262
3560
813
3827
993
2810
3499
1283
2083
1125
3953
3826
2588
3027
127
2734
2868
903
2877
3766
3565
2679
1154
2986
2901
2691
215
2557
2404
3902
252
1794
1975
1321
1609
2752
1752
2550
948
3615
2862
2825
2886
471
1804
2527
809
2193
108
205
2848
1157
3364
844
598
2191
3973
2964
2637
510
2237
852
2800
1320
3727
2519
2558
78
1382
1484
683
3502
1318
1507
3637
1635
3509
427
1948
3934
1801
1871
887
2801
3146
1007
2884
1163
1943
2204
1890
2471
1602
3639
3603
2571
3621
1494
2723
3933
590
895
3155
1886
2022
2988
3300
2663
1218
393
3449
774
87
1168
2678
2879
1492
794
568
847
3228
3518
1328
2443
1654
1758
2408
1798
2858
3104
997
1257
3417
3227
3713
3176
1039
3712
1377
1369
3482
1710
1716
1748
1914
3698
3681
2028
2234
2949
2319
2253
235
364
1548
3338
2181
655
3213
972
2914
1133
1106
2084
1825
21
1720
3524
2480
2069
3729
2318
2109
2487
3706
2187
3492
3193
829
2740
2720
3955
1480
3493
3199
2594
3192
3197
2274
3948
786
2658
208
956
3549
3256
1397
3551
460
3890
2894
168
3710
695
1650
1317
3081
1880
3120
3375
1873
478
756
410
1860
3498
3418
379
557
3061
1366
3046
1701
496
1128
2421
1932
468
81
608
3039
3090
962
979
1302
913
79
1902
3737
2771
1446
1186
3917
2347
2899
3941
3823
734
3918
3682
3450
3986
3892
2302
3025
1084
14
939
3601
1353
3883
2313
2135
656
3009
978
885
1740
1762
447
3673
1929
417
357
1293
2025
2745
2821
515
1306
3298
368
2396
2138
261
727
1161
2188
2809
860
1296
1935
2267
653
3208
555
2235
3178
1985
1268
2979
2388
2652
1505
3928
2092
3029
3813
936
3331
2110
2387
2465
3864
3234
513
2871
2139
3566
2826
3333
194
1385
1070
37
581
748
3964
3808
1660
1690
532
645
3017
1265
2783
187
870
412
1394
467
1248
200
2935
123
1222
1976
1554
1563
816
2032
454
2464
596
2738
388
2351
1380
1619
710
3590
1977
3516
2857
2667
2564
3944
2476
904
2808
3998
2467
2566
3582
1506
3764
2727
544
1511
854
1312
3663
3989
676
1279
591
1847
2972
735
2488
2198
3548
2018
920
2741
1916
2147
3210
853
838
3987
3128
53
2222
3340
492
61
1120
1263
2142
1489
1973
2124
821
204
2005
2445
2225
3255
1530
2058
3411
2390
3077
493
3614
373
3183
2676
3740
2000
840
648
3028
2554
2530
10
1164
494
358
1170
2374
1160
77
1664
367
1584
940
1215
2953
1008
3822
2154
3154
1769
2482
1440
3856
3117
1949
2048
1323
2440
2473
1100
2143
1997
2206
3570
2029
781
896
433
967
928
2020
1415
2290
3630
2579
3084
2610
2798
1075
458
2923
2529
2197
2824
541
5
2202
917
761
3531
1624
911
3444
1956
1815
3586
4
3692
1081
1142
2038
110
1735
743
3195
600
3479
610
1662
2915
1389
258
1362
3487
482
3832
249
1476
2690
288
2632
2105
842
84
1416
3739
2657
3880
1864
346
3347
3471
2836
949
1717
592
2382
2350
210
3982
2978
2874
1426
2634
2774
2753
3458
2157
1900
1233
3200
2635
3585
1479
3284
103
3442
1946
2845
250
3073
2931
2721
1846
2598
1172
3188
3797
3598
342
1360
2108
2889
2082
1712
1771
614
912
1400
2582
3282
677
1201
294
3225
2246
326
3286
2618
1739
1097
1561
3649
3791
1665
3187
1841
330
665
1116
880
3912
2515
370
2325
138
2322
1456
2207
793
3207
2713
546
2423
3394
2294
3504
1519
3055
2263
3862
715
2395
3937
2665
3925
3172
3063
1337
3500
635
3781
2337
3075
848
1227
184
55
2852
1512
3860
2624
3659
2770
2646
2829
1848
1605
2367
1332
1035
3189
2707
873
2493
1341
2457
3299
3641
3405
2413
537
3078
2730
2769
2841
3070
2563
400
2984
1047
2891
3957
1272
1226
3859
1067
2895
2117
1145
641
679
2756
810
1603
687
1292
1469
2831
1938
643
1269
897
2279
1582
1256
915
1897
1791
2293
3597
1344
2077
2645
2744
2612
2962
420
1117
3218
3466
1371
141
2012
1872
1694
3510
1468
3988
3421
3773
1037
3366
3322
3368
3101
434
888
2715
1722
1606
1073
1521
1174
1824
1473
402
1805
1493
914
2015
3206
2936
2063
3626
2842
333
1661
1107
2343
955
476
3140
3049
1679
1409
2644
435
3353
2087
217
3628
1618
506
2547
3735
3221
2247
3687
411
2120
1089
2520
3689
183
3633
2633
2281
3121
3157
1464
1449
2700
623
2716
1250
1155
782
2780
416
455
3495
1159
1310
2968
2389
1357
878
1648
2122
1761
33
1171
325
1258
779
376
865
517
638
2927
1608
1031
50
1843
174
2882
1433
691
64
2749
2650
3774
3929
3861
1044
877
2151
1076
3024
284
3226
2834
2609
3202
1182
1350
2938
512
1677
775
2991
726
969
796
682
3287
3294
501
799
3991
327
1457
30
315
1652
2116
2213
2353
1050
2175
724
481
2218
3950
224
2093
2534
3909
1364
3167
164
474
3874
2523
359
3428
3371
1034
18
312
1314
409
3604
130
1386
2111
1578
968
3342
1025
436
89
2402
341
1003
1955
1275
2435
3616
1105
576
3640
941
1598
3765
180
1361
2887
824
1954
2280
2647
2548
54
2393
2694
3726
2928
2561
552
3786
1615
3932
783
3837
3896
2453
1352
3843
1966
2101
19
3534
1447
3273
3828
3258
3053
262
2969
3810
3666
2522
2433
1077
3023
960
2863
685
2603
1220
2507
58
3511
1195
2581
2223
1082
2045
2094
938
3035
583
355
747
2629
276
3605
329
466
2965
2553
3720
222
1982
452
2542
1814
3533
3321
1297
899
3895
2701
1487
3361
3044
863
2885
767
2380
2705
3079
1439
946
1491
2971
1912
3427
2392
1818
69
146
157
3646
1316
1756
3762
3182
3700
2509
3161
2412
56
257
2169
2851
1959
833
3751
628
2249
2346
3151
1989
2551
1915
2450
3830
3001
2535
3559
2524
3474
2244
970
3792
3291
2687
3086
34
2681
2726
3578
1276
3303
2710
3217
1038
2881
2837
1842
3191
631
1552
3624
2472
2153
2669
293
2248
1944
2724
1811
609
3718
1779
2199
3943
3272
3854
1518
2224
1413
3722
787
3066
2590
3087
619
2252
1795
1515
3402
2856
304
2768
3576
1680
1308
722
372
750
2998
1990
2152
1687
3919
1984
3553
2429
2682
1282
2426
2840
2502
706
2342
2323
1549
2186
1069
2179
1947
2385
230
3397
125
693
2706
680
3246
3558
3414
2531
1816
3462
1101
1437
3914
1347
147
894
2352
2526
1404
570
3746
3801
3650
2053
1127
3422
3581
3536
3115
651
2258
2023
839
2854
1802
1649
745
646
2386
3787
163
1760
1365
630
142
1451
3052
2366
2951
1604
1753
469
672
2818
1225
2148
1237
3926
3978
303
2813
2454
2832
3310
1488
2684
1090
392
1858
479
1139
539
2276
2007
2791
2215
3266
2974
2575
3717
1945
1240
547
3000
1315
223
3882
2066
2217
721
1808
567
3105
3252
498
1273
3947
2118
3135
3069
3546
1176
3658
1246
1538
353
647
3179
1486
1054
109
2778
2599
3439
3008
1497
934
1261
1192
3116
1188
876
3365
1574
1185
456
2266
2447
380
1774
2074
2271
3634
1287
1702
1083
3330
3508
150
931
1239
3443
3307
998
97
1333
2680
3280
1616
3264
1136
692
1992
3798
627
2278
2937
1730
1656
2372
1431
3805
2773
2054
203
3142
1746
2357
3345
1580
2952
3643
837
3523
2107
311
2182
2779
1509
1663
549
2672
1471
957
1651
1891
40
1193
3248
2997
3974
2061
3388
2702
3316
2827
3841
483
2358
107
129
953
718
36
925
2384
371
3269
1557
2230
1450
1901
344
2514
408
1688
3423
2314
3080
2057
2980
2967
207
2004
3190
2321
1065
3170
3555
3526
1741
525
856
3067
3152
495
348
3756
1940
1781
2505
1513
106
93
1562
461
2602
1430
112
88
135
1673
1374
3752
2359
3138
403
391
2003
1919
1913
640
1080
1981
457
3755
2504
49
1534
1800
238
3645
2876
3930
3425
335
1109
3351
3686
3842
883
1022
3853
260
3636
1786
3145
2260
2233
3475
1936
719
1613
1028
3339
2751
1253
3794
1706
3721
3769
1817
2508
1545
3445
151
3088
386
232
582
3507
2673
2335
1199
292
3547
2888
2255
1422
148
666
1531
1668
2306
1021
2405
3580
2933
1750
2035
1252
1002
3408
3631
317
762
429
922
2924
3203
3488
2192
1156
1775
3680
3259
1242
237
2643
2264
1849
3514
1789
3410
1529
3662
2427
3563
3381
31
1611
916
1175
3212
3761
2843
740
791
351
1266
729
1782
2236
602
2300
2697
3463
1285
2806
3835
3990
8
1979
1502
1768
1857
764
778
797
3285
2668
711
1514
3734
559
247
2934
1324
2683
374
1930
259
815
1640
3171
1245
2627
947
2046
2349
3153
2959
273
994
3709
1705
3620
843
1212
12
1925
996
1845
2229
1376
927
2362
1147
1892
356
3108
3390
1403
867
2298
1541
3386
1995
1924
334
3993
3496
2839
2027
3799
1329
2496
1355
2216
3106
1573
881
1144
3107
2141
2333
3667
607
1588
2748
282
2860
2208
3358
3491
11
1953
2326
659
1696
1556
3054
2334
3877
91
2033
534
3627
588
3162
1311
1728
2031
3936
3780
3030
60
199
279
3694
738
218
2850
2596
1862
2570
239
1637
3260
3232
1298
1483
3392
2494
3002
2568
1036
1822